12981148,0,193.13838747908886,115.42340872620824
12986276,0,193.4405672974965,128.08101703071665
12991260,0,184.09184141909455,134.5146606245094
12996104,0,184.69981763692277,148.5091827628429
13001240,0,173.89920660309005,153.5677894052519
13006688,0,164.46978392446275,159.3445643121865
13011816,0,149.74279586386712,169.27225137887254
13018964,0,138.42760273366383,177.37756002778636
13024108,0,123.82606217862819,186.66308238463893
13030792,0,112.60534487822017,194.7948569774292
13036128,0,101.29771882148272,203.14470744167522
13041732,0,89.77600419393735,211.7552102569619
13046720,0,77.90724134037606,220.65008893434054
13051868,0,60.61621601774537,212.52452648033363
13057636,0,43.99004074143818,200.22456471563777
13062624,0,29.73691056621285,190.69534905177173
13067620,0,19.71053820844003,180.92952960623543
13072764,0,7.929523468108415,168.81386986136158
13077928,0,0.056054268872962165,73.99997876971953
13083016,0,-7.658283160371369,125.76704933739828
13088416,0,-16.339400460632326,152.12502750233799
13093552,0,-25.16628968737937,147.87379031921412
13099016,0,-31.539777794956237,144.60028498120184
13104156,1,-31.374698204004087,110.63737303735869
13109776,1,-31.377642458768914,93.89591872775762
13115152,1,-31.714538122758526,82.08646704335676
13120232,1,-31.439435959352732,71.3832043730019
13125456,1,-32.476851001327674,65.37778023944803
13130520,1,-37.403397565572966,67.30516956781024
13135592,1,-36.79148651840796,59.551545066150936
13141032,1,-34.422627528725535,50.35953448969348
13146100,1,-36.108939194741296,47.91810211423732
13151488,1,-36.31462106676047,45.224421464266364
13197152,1,170.04978053529064,101.42520465791274
13204084,1,186.22822368459427,118.99600288783115
13209532,1,191.97309724073136,135.54087920550282
13215296,1,181.56418831106538,141.18939592952435
13220436,1,183.29299949235846,151.81461173778456
13225888,1,173.8696696180063,158.0959771370712
13231032,1,163.55376271754736,163.12929442908842
13237256,1,157.08288631254766,166.63123004922943
13242380,1,148.57132144972755,172.94670405266973
13248332,1,142.54927666801348,176.65985316824575
13253460,1,133.65049434625354,182.24583770556202
13258448,1,127.97724345811602,186.27352242565797
13263580,1,119.24155995111384,191.98294294135852
13268704,1,113.27540829674632,195.56247563171576
13273700,1,104.5873155798246,201.4708252323551
13278840,1,96.01353829272784,207.89997706712447
13284440,1,86.69047173337847,213.0369970466264
13289592,1,77.43078828445384,218.69721769068778
13295828,1,68.70179553848713,226.82385961311016
13301060,1,52.539801299006555,221.86385302581607
13306672,1,39.83323556350435,211.27781081917328
13311512,1,28.640134662035855,202.98951373541556
13316660,1,18.487895389592516,196.13056295249726
13321664,1,9.174966640103241,191.7806559253383
13326656,1,0.2987220641667866,183.99975751377605
13331668,1,-7.4386421560510625,166.8342488905507
13336968,1,-8.262725607559432,77.56112019262088
13342072,1,-18.05507094509137,117.62233807048607
13347680,1,-31.156283047891538,154.8976630767542
13352868,1,-39.85759777671167,149.7877561734265
13358176,2,-45.52392881544864,143.97420569395743
13363164,2,-36.31794411075488,94.24440002232538
13368932,2,-32.889387322721895,71.82818528639005
13374636,2,-30.67602692642806,59.564934080455934
13380348,2,-30.70139779031088,51.55021021995055
13385724,2,-35.80249785938684,54.251093509980066
13391452,2,-32.97004845311459,45.26561504055011
13396536,2,-31.897372385857093,39.7939396752566
13439980,2,155.52978145746863,92.58232595799291
13447572,2,181.75886766218335,123.95044988285002
13454104,2,189.1754659369171,137.72669707631243
13459440,2,179.49404434910986,143.81198852390497
13464904,2,180.307534747847,153.81220014405213
13470060,2,170.0947038995268,159.2381603301555
13475500,2,160.4691176146146,164.7715457595364
13480640,2,151.36367116977124,170.5081788361173
13486248,2,144.76225464197685,173.5508272264107
13491400,2,135.9916065738899,179.25200958832332
13496552,2,125.25783965290658,188.1129277999966
13502776,2,118.87961050106016,191.03046408129836
13507936,2,107.37415447980347,198.86374971257908
13513952,2,98.07921437463379,203.60861403107342
13519100,2,88.9672736306217,208.8392305644083
13524100,2,80.27855571884034,215.53504005543286
13529260,2,71.15909191761277,221.86794188764796
13534876,2,61.62414130701222,227.81234647879248
13539864,2,49.74391047138767,224.55632560899855
13544724,2,36.75990775232999,211.8341548996294
13549728,2,25.437769330842954,201.39990042567257
13555188,2,12.356183131661787,192.60406210258608
13560344,2,3.3263378448661345,185.97025427885453
13565556,2,-5.0643993546963895,178.92834280564986
13570700,2,-14.988180249757715,166.3260486297945
13576324,2,-10.44375406199446,76.28845260648937
13581416,2,-30.629444815570597,152.96351561823465
13587488,2,-37.65828664353437,151.38643746080228
13592620,3,-43.462788238005636,145.65365096206233
13597624,3,-49.150875926735544,140.65984286794384
13602772,3,-42.160358478305916,104.84037472739564
13608080,3,-39.060179090997885,85.50030648704818
13613628,3,-35.65225467521674,69.37518819126537
13618944,3,-36.277146831766004,61.03252098468889
13624180,3,-38.50592630029526,58.457622597538375
13629416,3,-37.04713962545309,50.95595593816471
13635740,3,-37.48576338540423,46.848879852281286
13682176,3,196.75645099128502,121.02850487928065
13687172,3,190.9594476119323,129.9826502566619
13692332,3,188.13237404579007,145.7745171005376
13699352,3,178.15676110131352,151.71080539595556
13704500,3,168.77131682507328,157.72521236990215
13710728,3,159.91343762831303,163.91672417997998
13715724,3,151.51144485310198,170.37688246509688
13720720,3,142.85521398202678,176.41255011520397
13725952,3,130.56813763178982,183.240174185046
13732196,3,122.51200268357111,189.91263569984136
13737348,3,113.61414779802415,195.3658757821558
13742808,3,105.39858177372223,202.17600985301888
13747948,3,96.37368459447674,207.73327349677115
13752940,3,84.5008445059557,216.06389628482657
13758088,3,75.71963686176136,223.52301132886294
13764320,3,61.55967536020884,226.7937529332448
13769468,3,47.333090846091196,212.799385598163
13775252,3,32.42545256433027,204.44458913358008
13780600,3,21.622379821962788,193.79750434624998
13786364,3,9.210390951846612,185.77181890295992
13791524,3,0.597632131410592,177.99899672704763
13796536,3,-6.592805039970516,153.85881489763574
13801832,3,-6.933189404634881,77.69125359189063
13806760,3,-21.024764374499004,154.57671002772958
13811748,3,-28.13831871356563,153.4413080626394
13816892,3,-36.32423134757104,146.56585624560768
13823136,4,-44.374862818592206,141.19090462856
13828300,4,-38.13417915548119,104.24386974847809
13834136,4,-35.561559898457375,84.84913351112331
13839540,4,-34.07699257293606,69.0489578283703
13844780,4,-30.942984227277552,56.02260014592729
13850016,4,-34.54301241649773,56.23860145126018
13855712,4,-31.480791576012646,46.31371029994953
13860640,4,-32.385807199319935,43.2106409585472
13865880,4,-31.16592554914613,37.811176716218185
13907460,4,192.6001232112586,118.24209292383152
13912608,4,195.2076972653931,132.62712742249468
13917620,4,184.87540875005487,138.49939797522634
13922776,4,175.24056538714555,148.96558073190454
13929016,4,166.71439073094427,155.53235008579418
13934160,4,156.13974925023598,164.77068520848434
13940464,4,147.71311196187497,171.0462994470754
13945608,4,139.65952314221047,177.68291306619884
13950756,4,128.46112150792646,185.94015236340363
13955736,4,120.27013639353275,192.52037370595622
13960864,4,111.74439352170077,198.7390009949413
13966160,4,100.17407853359418,207.03901562252778
13971312,4,91.69017872093268,214.20063287983868
13976312,4,82.405260624001,220.07810663828073
13981456,4,69.58367307134995,227.6007742559315
13986612,4,51.485700294910785,214.9191072593189
13993044,4,39.255266007303945,205.28035485816903
13998196,4,24.89755846837187,194.41222076380384
14003808,4,15.166319554426357,186.38396591759985
14008808,4,3.4916892837847957,177.96574981143283
14013968,4,-4.110531718552583,97.91375556575682
14020748,4,-6.7778050482238,76.70111706310588
14025852,4,-23.71546442601468,157.22142585238956
14031596,4,-30.36431318116651,153.0163667227661
14036724,4,-36.676577499478334,148.53898028101835
14041720,5,-44.850296363737925,143.13787380034984
14046808,5,-41.81389025859281,114.61063904124416
14051980,5,-38.95972597331695,93.18336628435384
14057112,5,-37.229074932079364,78.63202896849107
14062508,5,-35.23899008255424,63.93131922588211
14067760,5,-35.016880581019564,57.1210825735526
14073156,5,-37.31730244519568,53.22047480259635
14079016,5,-36.67792405472592,47.483996114857035
14125344,5,179.8833618084534,114.0656659319054
14131268,5,189.53277829868287,137.2345654359073
14137332,5,176.86698279326717,145.4615770490824
14142484,5,175.9009812834816,158.8327572747771
14147784,5,164.82865365726735,163.26516754510925
14153016,5,152.47229822251788,170.8601717040679
14158184,5,140.43198727218387,178.34757343677313
14164416,5,131.46720994617004,183.82701844116835
14169580,5,119.37569661443123,190.72085113542062
14175188,5,107.41324593397043,197.7053226342892
14180336,5,95.88870703505495,205.75314302130454
14186876,5,84.14325972408182,214.0558615011645
14192044,5,74.81694108250821,219.6051577879183
14197040,5,65.71297260678568,226.6667272256337
14202200,5,47.68225045115465,229.09038170973778
14208320,5,34.52162292137647,215.24929163849598
14213472,5,16.311319518600904,198.33038308731747
14220016,5,3.8915909885659916,189.96014192345118
14225172,5,-4.5993480107852545,178.9409008524202
14230948,5,-12.72547252925714,145.44436169514142
14236408,5,-11.418907158811464,76.14859525492538
14241348,5,-29.650258968740925,150.09950747116594
14246964,5,-40.353220478682815,153.794075298754
14252120,6,-46.51537504915319,148.90372689773957
14257268,6,-48.61836884737066,145.06982529327394
14262492,6,-43.34401786647194,111.89859746748822
14267944,6,-41.371744248338,89.94097385424573
14273328,6,-40.42642092555072,78.16459870779222
14278544,6,-38.99269333638143,67.55419947253402
14283932,6,-37.55322094221986,56.68999556239901
14289016,6,-36.589348952802666,50.05216821687187
14294264,6,-38.86097677878786,48.30967277676916
14339432,6,194.54705370430105,124.54896183820965
14344264,6,191.35862463300617,139.8244498596874
14349412,6,178.5439435429064,148.14202720412413
14355796,6,170.03609815855538,154.8797124319842
14360944,6,158.79042919948688,163.61417907578408
14366952,6,149.74279586386712,169.27225137887254
14372104,6,141.76876360397011,176.00459558262006
14377260,6,130.669640223366,184.3948077465743
14382416,6,119.07506594415499,192.08625320515557
14388800,6,111.05489432267677,199.12511254731055
14393928,6,99.88829791348397,208.286648491801
14399688,6,91.33732600600584,215.43790956577863
14404668,6,79.23898905559616,224.42188532638056
14409820,6,60.61621601774537,212.52452648033363
14415424,6,47.98534356461377,203.41683018616226
14420752,6,33.68425077818248,196.1284559912521
14425884,6,23.48203942428675,188.5433473355033
14430864,6,13.898858457361273,178.4595801115262
14435860,6,2.519366942093699,155.97965505222496
14441164,6,-4.0413023049712695,88.90819914765923
14447652,6,-16.659780861821197,155.10787117885442
14452796,6,-25.501840216544426,149.84544085680363
14458252,6,-31.752884401678916,145.57731393377753
14463248,6,-31.473874060761297,117.8702475250109
14468236,7,-33.59626364272227,100.53502409234653
14473476,7,-32.435323080093944,83.95206856706942
14478560,7,-32.95164999026869,71.79964319492699
14483800,7,-34.39663230043726,66.6473681880126
14489036,7,-36.43833296697341,63.255417875372366
14493968,7,-33.091864703442646,50.049260638385526
14499044,7,-33.59873279741366,46.0448168028498
14504292,7,-35.092347520152046,42.35005484677533
14544940,7,196.34016343217405,125.45732431160478
14550084,7,187.44012267841958,136.71210776774313
14555076,7,184.04849082819612,147.7232311583503
14560216,7,174.03213108371966,153.41713512661818
14565352,7,162.84573777071816,162.42310700731747
14570492,7,154.49925445819335,169.0295251483078
14576356,7,143.1772470498109,177.4380904068724
14581492,7,134.833242083831,183.85863272950505
14586480,7,125.64821505334324,189.05429393142282
14591488,7,114.77906415909251,198.15843769762347
14596636,7,102.8146649792803,205.74047891749052
14602868,7,94.82833202051059,213.92425632968275
14608016,7,82.18100425610493,221.22902734374182
14613924,7,72.48959637141537,226.69199019354275
14619072,7,57.00201850971011,211.4515781114406
14623920,7,40.87646435821681,199.8627395528527
14629280,7,26.963638974502047,191.10720073626928
14634872,7,17.36172917296759,184.18352358483244
14640008,7,8.314813517593562,173.80121943233783
14645004,7,-1.087756901035047,78.9925109420143
14650096,7,-7.527324414727891,99.71629449170001
14656024,7,-19.517323868775787,159.81262174497144
14661176,7,-26.206517106492587,154.79734642798988
14666464,7,-35.22777183698761,150.94371166564423
14671464,8,-36.990538084664095,130.8728393984291
14677084,8,-29.68524156284381,80.71422695755446
14683348,8,-26.393276066573055,62.66893152490844
14688876,8,-27.9790954160908,56.44617099234709
14694440,8,-31.040024879383235,55.968891855094554
14699684,8,-30.660038884747156,48.05165986296199
14705392,8,-29.437543261709457,40.415727714776885
14710632,8,-28.14474034046214,35.11229971346171
14751204,8,189.70383585066878,120.98534896235377
14756656,8,185.13325512629922,134.78381893365616
14762728,8,181.88317104908302,150.38122252837954
14767860,8,171.78515574720402,155.92902316409493
14772864,8,162.2778604370403,161.57628542572849
14778000,8,153.97043604044376,168.15797580107707
14783136,8,142.07374228778386,175.75850406835048
14788592,8,133.21619711879305,181.32414297386566
14793680,8,124.7036014243539,187.280569712386
14798660,8,113.4447229036916,195.4643058087707
14803812,8,104.76175007472793,201.3801770812615
14809600,8,92.57730984877958,208.35892517759603
14814736,8,84.31348537216971,216.1370773014129
14819728,8,75.20601198204692,222.64109180866907
14824736,8,64.57174921460845,224.91440417048818
14829880,8,50.18804313616288,211.11646152340336
14834720,8,38.52721278121469,203.38302258377175
14839860,8,24.560604871158713,194.45507627306318
14845960,8,15.001856927535588,188.40367376653182
14851100,8,3.2369201608643565,180.97105389501436
14857488,8,-7.4250239184670015,169.83777265322985
14862644,8,-7.090217004376404,78.68118468116027
14868500,8,-23.987893408447327,157.18009088248095
14873652,8,-32.55746632418262,150.51913960207756
14879892,8,-38.70248542610513,145.95587559890188
14885052,9,-38.151397588138416,114.82800556515726
14890360,9,-35.87744611512231,93.34242797493803
14896060,9,-32.64087283949167,68.63361727518182
14902384,9,-32.479494120496994,60.87760229901143
14907772,9,-36.16411094482181,58.76356932292846
14912872,9,-33.77242899206839,49.59257041105753
14918108,9,-34.92215076653314,45.04934390021156
14959044,9,192.1024674987161,126.47783197424256
14964204,9,190.10361787044985,138.1506947958134
14969352,9,177.38602175578814,146.40423247179385
14974356,9,168.95613884214424,153.09416431580294
14979516,9,157.81850176418666,161.7693435138667
14984524,9,150.8469209721673,169.6296154367412
14989516,9,139.50541958562144,177.80393107645202
14994516,9,131.1484404657089,184.05457495920174
14999756,9,119.57408716630779,191.7760091313411
15005064,9,111.57204483091192,198.83580867703128
15010220,9,99.55998544363983,206.2251422558904
15015212,9,91.11170944869022,213.36039089141514
15020352,9,82.21442195788825,220.1494692751502
15025356,9,68.80323877742869,225.74789995421028
15030500,9,54.10814948915131,212.21052791711267
15035336,9,41.627111435130836,201.75030010775
15040476,9,27.577634632504445,193.04008409673906
15045468,9,17.776465382963554,185.1485816269957
15050456,9,8.81424510445536,177.78163314369283
15055800,9,-1.2999116706892455,107.99217670576145
15061724,9,-6.104156258163039,82.77523347219221
15066800,9,-18.881823784371043,156.86770454933023
15071964,9,-25.607790977166626,152.87001354506953
15076956,9,-31.58469546423992,146.6369906007049
15082108,10,-35.14175296114304,125.1601262336292
15088048,10,-34.55057090900693,99.15270066852281
15093336,10,-30.853115228383466,70.54846051264401
15101992,10,-31.485374431602704,61.39764813819645
15107340,10,-33.16301648632196,55.903616497753866
15112888,10,-31.862904091222262,48.46395921582936
15118128,10,-31.129506154079973,42.8946831973742
15123044,10,-30.529886252224784,37.03952004854027
15162936,10,193.28945348316043,122.80141355937705
15167920,10,191.50631615902185,134.46683929951195
15172924,10,180.52449217240073,144.12462567478477
15178080,10,169.08865501703917,152.94779091091416
15184604,10,158.6576287374167,162.34764193982014
15189748,10,147.71311196187497,171.0462994470754
15195672,10,139.0415606504308,176.8967054862599
15200820,10,128.46112150792646,185.94015236340363
15205968,10,120.79996078293158,193.3684810791102
15211108,10,109.14851718602777,201.314682018206
15216208,10,101.48069694924976,209.73952452195206
15221364,10,89.52000666074493,218.36247023575316
15227596,10,73.33985125786974,215.88252874531915
15232732,10,55.44905421489138,203.58389520459136
15238644,10,43.59410100955044,195.19107140740098
15243796,10,29.9251778968855,187.62857918728628
15249256,10,17.55124094275572,181.15174286042443
15254248,10,8.716284925086287,172.7802835311504
15259232,10,-1.0611763624236898,94.99407299788673
15264484,10,-4.470965843878433,77.87175652586035
15269640,10,-14.365184874393686,138.2557104192246
15274784,10,-25.80395588125481,154.86496008096296
15279920,10,-34.16111800165768,148.11150534943874
15285548,11,-40.423097455371995,144.45059083338322
15290700,11,-39.05998395529177,112.40692884965922
15295696,11,-37.52070173353307,93.77204776170375
15301000,11,-34.66155252297044,73.20913041893996
15306240,11,-32.34263473330321,58.67669024841235
15312264,11,-33.448960555003765,54.56342215981144
15317208,11,-34.80931554294207,51.30605764850669
15322388,11,-33.040616149986235,41.44053190331018
15360364,11,185.8912343722221,110.00204081548483
15366300,11,195.6660843936166,128.33855000766573
15371288,11,185.48293260854007,134.30220292659305
15376472,11,183.0457420174861,150.54320419490188
15381624,11,172.18999011716343,155.4818552225666
15386772,11,163.40771698780816,161.85770920420316
15391924,11,151.80648032634966,170.1140574171506
15396916,11,142.53005828593814,175.38866122132035
15401908,11,134.28153615515743,181.78137706544956
15407056,11,122.29739317739298,188.8606566281452
15412056,11,113.95254608326708,195.16868919255694
15417196,11,105.74879435225894,201.99305060581577
15422180,11,97.15595866987947,208.47234755462574
15427396,11,82.2443457772193,219.0704626088994
15433788,11,72.96722168911205,225.4878811798363
15438948,11,61.16173183322455,223.79285636311258
15443940,11,44.42192563398169,213.42608210565314
15449076,11,29.200383742952233,201.89932538090446
15455336,11,18.7783822415888,192.08428452215654
15460496,11,6.600042059973687,183.8815908262885
15465956,11,-1.7412623477053244,168.99102936379924
15470968,11,-4.234085922154828,74.88038806258827
15476056,11,-11.660661010338858,98.31087927997574
15482108,11,-26.32384165499551,158.8334201625172
15487252,11,-35.600142516171445,154.96331776529658
15492248,12,-42.69041521036715,150.04508805411277
15497408,12,-48.61836884737066,145.06982529327394
15502560,12,-43.18382366379327,106.58403901980076
15508024,12,-40.10982080973153,80.56799783171496
15514956,12,-37.461669809683016,67.27275299161083
15520344,12,-40.45166622255266,63.15586037589222
15525576,12,-36.969901023865525,52.24199860539015
15530832,12,-37.60739688269793,46.751296235583055
15571860,12,197.07363881734392,126.16648082312146
15576700,12,192.67191759162728,136.284746657743
15581684,12,181.58252113672154,146.00269866557971
15586684,12,171.65050996598114,151.58199902501158
15592040,12,157.397530697737,162.1789669786281
15598552,12,146.4684087201204,170.79814181365018
15603688,12,137.81236894373643,176.58921531655176
15609140,12,127.25014005683533,185.55969889907612
15614272,12,118.54818512139325,191.23631403168145
15619272,12,107.50294378644826,199.930280541112
15624400,12,99.45588103939963,207.3849746888062
15629388,12,87.25817485528246,214.96513885029114
15634520,12,75.13822175485105,223.71912665554285
15640904,12,57.07811456586073,212.46667700513999
15645996,12,41.10242054628694,201.8578485599115
15651908,12,30.045065079852364,192.67146665852584
15657052,12,17.202035552715376,184.1985069777796
15662040,12,8.164124754147126,173.80836305252612
15667184,12,-1.0976990417223935,74.9919666151902
15672432,12,-10.735283008260307,140.5907311978018
15677732,12,-21.28908882242239,153.53102193729777
15683816,12,-27.43943960571162,147.46890232901478
15688952,12,-35.97593739442543,143.56089972061466
15693948,13,-32.49875585798855,108.2258327188239
15699452,13,-33.21511772853752,90.07083853434136
15704520,13,-32.245575342925875,73.21354294666862
15709916,13,-32.476851001327674,65.37778023944803
15715144,13,-36.93748821309634,64.1219304490076
15720228,13,-32.85614118121087,51.3952720265234
15725460,13,-34.188184249999864,46.85262060640857
15730560,13,-33.18405028514319,41.32576444148478
15767188,13,194.09722424735196,115.76816289236505
15772632,13,189.08252527208998,129.18513318772193
15778384,13,186.300645397441,144.87259756246846
15783532,13,174.03213108371966,153.41713512661818
15789464,13,164.60787382935374,159.20190913861416
15794444,13,156.3969348439339,165.90358275643806
15799588,13,144.61173168552867,173.67627085734156
15804936,13,133.65049434625354,182.24583770556202
15810076,13,125.64821505334324,189.05429393142282
15815232,13,117.3011200758701,195.51073430619175
15820228,13,105.50878972590235,203.24589858241993
15825228,13,96.43281138570919,208.80783722898965
15830220,13,84.85150561463685,218.07389113538844
15835216,13,75.9705660914915,225.54926975660624
15840372,13,61.350467916736235,214.3947762572529
15845356,13,44.809915745599966,203.1159064447495
15850328,13,33.343915415899815,193.1429090200759
15855476,13,17.174034803530102,182.1923503568883
15863016,13,5.0553072575137055,155.9180678065635
15868488,13,-2.274431328456377,77.96683244901088
15874508,13,-11.968445819417347,158.54890824180302
15879660,13,-21.702087455390583,157.51196589490775
15885116,13,-28.404190113594552,153.3923139664787
15890260,13,-36.82041487478224,147.47290275996102
15895404,14,-36.41980136509645,121.66592813325725
15900880,14,-30.720773245268592,83.52983952584124
15906724,14,-28.963944298150516,65.91729614216314
15912268,14,-27.09087016478633,54.65422905608211
15917860,14,-30.402684208499252,52.88361554317433
15922940,14,-34.96320223699237,54.79575247530753
15928036,14,-30.615044992177836,42.03235682336796
15933120,14,-26.893862991997157,33.55175305953008
15973884,14,188.65373487441175,124.44182704354334
15979324,14,183.0365393999279,137.61767780521018
15984612,14,181.11247964633267,149.74401395834406
15989748,14,168.6346635227068,157.87130916852325
15995364,14,157.22713003711067,166.49513380364453
16000520,14,144.76225464197685,173.5508272264107
16006284,14,136.5960137142183,180.04868518649363
16011436,14,124.7036014243539,187.280569712386
16016432,14,116.44014005698088,193.69484707526598
16021408,14,104.76175007472793,201.3801770812615
16026604,14,92.98335068144966,209.27278011258548
16031732,14,84.31348537216971,216.1370773014129
16036896,14,72.07530340153052,224.72461066731725
16041884,14,60.57966433570693,223.95112026728754
16047036,14,43.26319580014205,210.60222194734453
16052024,14,31.469444760941236,199.53364139021286
16057008,14,17.994772211329497,189.14594410946899
16062168,14,6.022114108351311,180.89979033063028
16068100,14,-2.1935357952939443,169.9858476483109
16073244,14,-6.250328758070358,83.76713789079844
16078580,14,-15.64757421627316,129.05484656201884
16083876,14,-28.45241388463315,154.40032430062294
16089184,14,-34.41774381410679,148.05208175080318
16094328,15,-42.60497004909763,142.77890785096898
16099940,15,-37.27549650819542,106.6749143897829
16105400,15,-36.409787042431184,86.66214518187749
16110812,15,-33.49984317737303,70.43976509821292
16116356,15,-34.86548720899042,62.995220466950705
16121596,15,-36.16411094482181,58.76356932292846
16126828,15,-34.89817662513734,51.24565609142611
16132420,15,-36.14748938992027,46.63002263355232
16173416,15,195.05293193508342,119.98063903616999
16178564,15,185.66446029991903,130.60516138935628
16183960,15,184.30421868431628,147.40405345567578
16188936,15,173.54661059814202,152.45515389745555
16194084,15,161.70847692628857,160.7307328738969
16199232,15,150.18239709123264,168.88234840838552
16204220,15,138.88813896798595,177.0171880185916
16209228,15,127.73216462517584,185.2282217162573
16214388,15,117.12379998769147,194.45054763729323
16220780,15,105.39858177372223,202.17600985301888
16225948,15,91.50443233424491,214.2800477487057
16232008,15,79.48683000403491,223.273025365604
16237368,15,56.84446618368221,209.422316538358
16243128,15,40.81881800920597,197.8328185522597
16248288,15,27.01193956311974,189.0802874998829
16253292,15,14.362627441921594,178.4228542899271
16258292,15,2.662413591960235,141.97503848869118
16263908,15,-3.9385588550473214,91.91565565313304
16269776,15,-16.465017636511217,157.13975688612152
16274928,15,-27.416823361935744,149.50691554821273
16281176,15,-33.38716208929722,144.18494168124144
16286328,16,-31.647148580815568,106.3929414327087
16292036,16,-30.57605355709753,83.58292259112207
16297288,16,-28.849666187579345,65.96739164818662
16302836,16,-29.651409121905402,60.08156070780273
16308060,16,-29.814089797991535,52.06841700606326
16313140,16,-28.96741834050299,45.57289407845733
16318224,16,-28.166278426350317,40.09564514519392
16323480,16,-25.70332200576544,33.21655066180012
16364160,16,197.83811264896127,117.30337243019444
16369292,16,194.71916528070915,127.95876942352903
16374428,16,188.60440116006762,136.81147562632412
16379720,16,179.0563303441004,147.52230530907653
16384720,16,169.08865501703917,152.94779091091416
16389708,16,161.84776967699395,160.5904712322083
16394804,16,150.32876162373447,168.7520768129223
16399804,16,139.0415606504308,176.8967054862599
16404952,16,130.72695776959154,183.1269027540941
16410104,16,119.74031200413393,191.67226633280222
16415240,16,111.74439352170077,198.7390009949413
16420392,16,97.8186494273192,210.36994040075027
16427232,16,86.14806075373983,219.7146140527979
16432404,16,64.32104233486129,210.38727032060893
16438332,16,50.821188202139226,198.60062142330457
16443316,16,36.2500781789936,189.56511238098864
16448508,16,22.992133075384228,179.53373448085966
16453656,16,10.585753893409988,160.65161628352251
16458804,16,0.3674425543330328,86.99922405383433
16463892,16,-6.993049140425242,121.79941405326875
16469200,16,-18.74596928894321,156.88399738474922
16474356,16,-27.82590603174423,152.4818643429852
16479968,16,-36.43686130667129,147.56813727264569
16485124,17,-42.4582805576719,135.50385386433118
16491040,17,-35.71562989325549,93.40446339082514
16496500,17,-31.191833425131136,71.49174447150435
16501996,17,-29.6099783310517,57.86405778403938
16507248,17,-30.567315253924875,51.62982895736893
16513412,17,-29.19490981020948,43.03088706003787
16518512,17,-28.731040509535305,37.195796956638006
16559728,17,190.1942722049124,112.54838435288032
16565168,17,194.49510531444375,131.89637602574015
16570164,17,188.99950672693817,141.33359988684236
16575148,17,179.95636240537664,148.00239062199213
16580296,17,167.580813158984,156.0694430725429
16586072,17,159.4978765850363,162.92460638241397
16591220,17,150.47484453401327,168.62182884331594
16596376,17,139.81334415644739,177.56190130709572
16601532,17,128.62209748965492,185.82883532262076
16607616,17,119.90625526605093,191.56849936268915
16612716,17,111.4257956794307,197.77080688819004
16617868,17,96.31112424666313,206.65954453241162
16624248,17,87.80867263335143,213.66009690714108
16629392,17,75.46191471252983,221.4983056998831
16635008,17,65.99141740596698,227.62717945964062
16639980,17,53.542273343752875,222.65270033211556
16644976,17,36.96326701848524,209.7682456696441
16650124,17,25.83343421418148,200.34129298949222
16655272,17,12.656873423909063,189.57796168102226
16661020,17,0.9162842773172584,179.9976678269003
16666388,17,-7.395536744030434,130.7910778159875
16672156,17,-7.891364420346163,76.59455834186457
16677236,17,-26.32384165499551,158.8334201625172
16683620,17,-35.600142516171445,154.96331776529658
16688776,18,-42.69041521036715,150.04508805411277
16694396,18,-48.300601730721176,144.12165650050744
16699540,18,-41.306266113193566,101.94995036676593
16705300,18,-38.86485361255472,81.1758779051677
16710848,18,-36.97515461734947,66.39908087483667
16716536,18,-37.36937355904904,60.369942188180424
16721832,18,-38.70286513435922,54.69084229001781
16727384,18,-36.88327992999413,47.32466229785155
16767332,18,200.00553014501202,119.52735214758454
16772360,18,197.2225704545375,134.99725072498697
16777348,18,185.9907474327786,140.3440125883408
16782504,18,177.00477161581236,146.86494076270927
16787488,18,166.17431530288937,156.1092467908801
16792624,18,158.09397994861195,162.89657302720607
16797756,18,147.11937942554317,171.5572446661553
16802748,18,139.0428365235912,178.16590473902096
16807888,18,127.81569623486571,186.3844086719609
16813640,18,117.13176381578705,195.61224375126082
16818784,18,108.92368753692995,202.57253094473904
16824036,18,97.50740784797433,211.61593847054334
16829184,18,86.10962425953018,221.87639038411126
16835264,18,67.12945009684039,210.55791823081793
16840252,18,50.621833178390396,200.71479767485806
16845248,18,38.907631099640554,191.07903140379972
16850240,18,25.8259929469645,184.1983118497652
16855232,18,13.3553276796991,171.48071385018162
16860380,18,1.5826792328537338,97.98721919947465
16865624,18,-2.6722247079614867,88.95987418555715
16870716,18,-16.980161263010068,158.09071485537086
16877004,18,-26.00516601029201,152.80291666318791
16881992,18,-32.17909761512427,147.53137183892892
16887144,19,-36.83116745687437,129.8786553047254
16892452,19,-35.80277231255658,101.89289226798516
16897592,19,-35.78204719903025,84.75638676964923
16902824,19,-35.59106959049608,71.64688245418962
16908208,19,-36.91763915563046,66.43107645653998
16913280,19,-37.16514330333689,58.135635570985485
16918508,19,-35.36708715517227,48.46822821352611
16923600,19,-33.81016444146665,42.105495846041094
16964468,19,193.81217849527908,123.84199395566138
16969612,19,196.0576312245767,138.4247276992369
16974612,19,184.04849082819612,147.7232311583503
16979956,19,174.78226957977017,154.07841588147429
16985104,19,166.04549718157514,160.59231882541428
16990084,19,154.49925445819335,169.0295251483078
16995236,19,143.8052174316083,178.21632764549904
17001624,19,134.833242083831,183.85863272950505
17006784,19,123.26396311556103,191.80718286092835
17012840,19,114.77906415909251,198.15843769762347
17017828,19,102.8146649792803,205.74047891749052
17022964,19,94.82833202051059,213.92425632968275
17027972,19,86.30195870206654,221.8016499582156
17033060,19,70.96670569134362,221.92955342477086
17038200,19,52.513359915588964,207.45685582881038
17044752,19,37.79525606955762,200.46824840516908
17049904,19,20.959011885214316,190.8526128215054
17057356,19,11.557626497267952,182.63466612269875
17062496,19,-1.266754872091447,91.99127856538375
17068816,19,-8.35533010034796,110.68508688578702
17074296,19,-19.517323868775787,159.81262174497144
17079752,19,-28.404190113594552,153.3923139664787
17085112,19,-36.82041487478224,147.47290275996102
17090112,20,-33.16312695165133,104.88187169758488
17096040,20,-30.924190034900196,80.2477069497028
17101580,20,-29.768498306432473,67.7483321461121
17107148,20,-29.70337037150542,55.55816581361531
17113464,20,-31.21308775348273,52.40938039028306
17118704,20,-32.845589035087286,46.585054265699355
17125176,20,-30.054322272340574,38.700616438892716
17167912,20,193.076348488014,123.1361996105734
17173064,20,185.13325512629922,134.78381893365616
17178060,20,184.9569065684306,148.18887513115428
17183208,20,171.04470248967297,155.256915305629
17189024,20,162.2778604370403,161.57628542572849
17194156,20,150.69979541902663,169.7603359464852
17199912,20,141.4450974104043,174.98081157247282
17205048,20,130.9890000459401,184.16808047803698
17210024,20,122.34730240358799,190.01878221524575
17215040,20,113.94669070415041,196.32919211765906
17220172,20,105.22325558166506,202.2673144252318
17225160,20,93.38939151411975,210.18663504757492
17230156,20,84.67690556773941,217.06870263460863
17235160,20,75.52603756494925,223.58850070998255
17240244,20,59.535187364401644,220.08989405578257
17245408,20,46.06718665393728,207.95868415094213
17250404,20,31.157866099941817,197.55806078238896
17255552,20,21.12428236809125,190.83439075395492
17260528,20,11.844009737603267,184.62047403615765
17265684,20,-2.2451484022420374,173.98551465180057
17272072,20,-4.901078654790381,82.85517140178733
17277316,20,-17.69379545993965,145.93124957397515
17282636,20,-28.27118831848899,153.41688274456803
17288564,20,-34.41774381410679,148.05208175080318
17293916,21,-40.40221370619008,143.41778525566258
17298904,21,-36.615753207165405,104.78686280766286
17304364,21,-35.24777256235359,83.89633203777501
17309768,21,-32.64087283949167,68.63361727518182
17315328,21,-35.33335100319581,61.58371787156863
17321784,21,-35.452845510742065,55.66952258814023
17326872,21,-34.10689044882983,46.911832451008785
17331948,21,-34.98671249304395,43.72562119546254
17372008,21,199.3117295755874,122.60030364394662
17376992,21,187.3002705228258,131.75586765710392
17381988,21,186.55142972607757,144.54952115851628
17387144,21,174.2978946267054,153.11513291865666
17393220,21,164.88352341734475,158.91640477144557
17398564,21,152.76410832978252,166.55067458946684
17403708,21,144.27146228320095,172.65788476251794
17408848,21,133.9661255294286,182.0139478464037
17413840,21,124.86573961634879,187.1725061809618
17418844,21,113.61414779802415,195.3658757821558
17424004,21,105.86085625518592,203.06274673833914
17429464,21,93.97842119618001,211.01909001195457
17434452,21,85.59352784008443,218.85782597816484
17439448,21,71.9638832351029,223.71007914201022
17444444,21,57.1064222490448,210.38739633807393
17449688,21,41.42503807864962,200.77092971887745
17454684,21,30.545716183789388,192.59272889395226
17459676,21,17.68089298843149,184.15315914513016
17464828,21,3.2248953367405666,171.969764929964
17471684,21,-2.6878528600855636,97.96313310119541
17477084,21,-11.77561387927701,112.38476283627678
17482852,21,-23.551589028605125,155.22346038607594
17487844,21,-32.005824737096454,148.59215047538098
17492824,21,-38.06513177494893,144.05570361133144
17497816,22,-35.5361113497937,107.26688580421762
17503312,22,-32.76204647290175,81.67403694508694
17508704,22,-30.009206218850622,63.24118548947748
17513944,22,-31.909952484379975,57.77330640048752
17518888,22,-29.832601632429856,48.56970125336107
17524140,22,-29.367458635924503,40.466682261673775
17530300,22,-27.45976297008552,34.37966575792615
17566216,22,205.57960401348586,121.89350439485423
17571344,22,194.71916528070915,127.95876942352903
17576344,22,183.274755860444,137.30026898842783
17581504,22,170.67115051432066,149.66749273679338
17588368,22,162.85923492773207,156.69355314994226
17593524,22,149.66359011212504,168.00538620755538
17600368,22,142.37811827867233,175.5120264694827
17605724,22,130.72695776959154,183.1269027540941
17611484,22,122.67642106622748,189.80646910572267
17616472,22,111.74439352170077,198.7390009949413
17621636,22,100.17407853359418,207.03901562252778
17627872,22,91.69017872093268,214.20063287983868
17632864,22,82.75592130750739,221.01460921972023
17638024,22,67.53709445160436,220.90663383663937
17642872,22,54.04399525886025,211.1948071720995
17647876,22,38.31614481095696,200.36934158405018
17653644,22,27.602707999549153,192.0262755747026
17658892,22,14.841906301925258,182.39714311722338
17664360,22,6.020574199668974,171.89459760651664
17669500,22,-4.413645768956916,76.87340067296469
17677388,22,-15.39865141211985,148.20216440621917
17682552,22,-23.26800283307101,154.25498385517466
17687524,22,-31.877131949389494,148.61981179735497
17692668,22,-37.94022118899559,144.08865193390523
17697688,23,-36.478241042506845,116.41880402428454
17702840,23,-33.434288673445316,83.5592504807261
17709980,23,-31.666109712343363,66.88241544446367
17715372,23,-31.904756914200117,60.05069929855772
17720912,23,-34.494240572347636,56.26852910230554
17726144,23,-33.686434396395555,49.65102353081293
17731228,23,-31.787534180762464,41.1527966328761
17773180,23,193.15754485010868,126.69318398192642
17778188,23,185.48293260854007,134.30220292659305
17783180,23,183.81808692051348,151.1784075881293
17788340,23,172.93218835042705,156.1520356330087
17793476,23,160.8969807656068,164.3537695962948
17798480,23,151.14066243018146,169.36794313023327
17803632,23,139.81334415644739,177.56190130709572
17808644,23,131.46720994617004,183.82701844116835
17813664,23,119.90625526605093,191.56849936268915
17818852,23,108.36803034227239,199.46270327992733
17823848,23,99.91722393261217,206.05229521070672
17828992,23,84.87494024342166,215.91721681856592
17834904,23,76.10688834255144,223.39145361184794
17840052,23,62.21624445103876,227.65135388661452
17844896,23,48.13943212037656,214.66857030112178
17849892,23,32.62135010001629,203.40070677766133
17855984,23,18.972976876216663,194.07479524259338
17861136,23,9.583381797548007,186.75427382880002
17866296,23,-1.7824756577101841,172.99081704104896
17871528,23,-5.673435145096472,78.7960159757737
17877080,23,-14.503076669976139,108.03083248362383
17882548,23,-28.58688134994814,157.42550687447059
17887552,23,-35.37624224877414,153.98870570387962
17892552,24,-44.70663001284951,148.4126586005863
17897696,24,-49.51642497628575,140.5315753045125
17902684,24,-42.870626177881164,101.30207012256152
17908140,24,-40.16034873297321,83.88174050200661
17913524,24,-38.43470019435011,69.02009722515916
17918908,24,-37.36937355904904,60.369942188180424
17924228,24,-36.969901023865525,52.24199860539015
17968936,24,201.72231581149282,120.55333800292861
17974392,24,191.7729762001043,126.97687033217598
17979564,24,188.3854780864195,142.15101704226794
17984708,24,178.5439435429064,148.14202720412413
17989688,24,169.2968107752573,154.20632237793208
17994832,24,161.290030917306,161.15063117063633
17999816,24,149.74279586386712,169.27225137887254
18004968,24,141.76876360397011,176.00459558262006
18010568,24,130.09145597459005,183.57890151760714
18015724,24,122.01781629673295,190.2305246435932
18021168,24,114.10674947659643,197.39212173712826
18026148,24,103.08270065093616,206.72434986355498
18031372,24,94.64282407280422,214.00639208099426
18036660,24,82.6842144578841,223.1755378160488
18041812,24,63.30219344635965,209.6516928261722
18048036,24,50.621833178390396,200.71479767485806
18053176,24,36.14608548679436,192.63815952189057
18058624,24,23.11127038074538,185.5663471144164
18063632,24,13.898858457361273,178.4595801115262
18068772,24,2.5516665182743874,157.97939421956116
18074672,24,-3.5418155032332477,77.91954532042045
18079760,24,-13.721467311967858,149.3710860066519
18085100,24,-23.95508996658177,155.16170166859146
18090080,24,-30.30035975975136,149.96962425247867
18095224,24,-38.69738614028028,144.92243548157077
18100980,25,-37.399614243785166,111.91634757449897
18106124,25,-36.39964034543876,94.21287694748901
18111420,25,-35.871416445102625,78.1616368957433
18116820,25,-35.89066535749545,66.99149304349228
18122060,25,-38.43260034752686,64.40446592067416
18127292,25,-35.36708715517227,48.46822821352611
18135728,25,-34.45430483796746,41.58005384956123
18173688,25,197.1828250778057,125.99576776358592
18178824,25,193.903575184572,141.42631838042394
18184892,25,179.4423062257123,148.62522913825129
18190240,25,169.2271531185303,158.7015143197994
18195688,25,160.3262003909069,164.91061053860287
18200856,25,148.57132144972755,172.94670405266973
18205848,25,139.81299230547123,178.8332384725788
18210832,25,129.10978543562146,187.92196067721247
18215972,25,118.33007726951809,197.22574074747413
18222036,25,106.4302638719801,205.0209719324847
18227184,25,98.52917685061591,213.3471380383155
18232492,25,86.66457197392396,222.73358966392237
18237656,25,73.73613767703588,218.91546770494134
18242736,25,56.481452130626,209.52051347115346
18247880,25,40.87646435821681,199.8627395528527
18253964,25,30.5219676198175,194.62119486996994
18259124,25,20.74068884474333,188.86456477128138
18264112,25,8.840462648016144,184.78865284472698
18269088,25,0.26949925354177484,165.99978123525446
18274244,25,-4.73325381627553,78.85807700109554
18280104,25,-17.05511311303934,160.0941070642559
18285248,25,-28.586268255348365,154.37559803036638
18292108,25,-34.54594399498139,148.02222047211563
18297448,26,-40.25440909213445,142.42044287476108
18302596,26,-33.06899967928761,94.37394375679801
18308368,26,-30.573052314714435,69.57936815006109
18315464,26,-28.86732066739527,58.23811292861208
18321016,26,-30.402684208499252,52.88361554317433
18326260,26,-35.50109765602302,55.63876405185073
18331356,26,-30.540635418589932,43.315927650562564
18336432,26,-31.271933711624598,39.01366634829079
18371612,26,168.41898986554614,100.25489440755032
18378424,26,191.1579879922137,126.09370970341338
18383724,26,183.0365393999279,137.61767780521018
18389028,26,181.11247964633267,149.74401395834406
18394012,26,167.90464333429682,157.18788358770715
18399172,26,159.07373398318316,163.33874970945345
18404524,26,147.41663836273625,171.30188187474837
18409668,26,135.9916065738899,179.25200958832332
18415748,26,124.7036014243539,187.280569712386
18420916,26,115.92491819832168,192.8377902298002
18425908,26,104.3002445677908,200.49303973729118
18430884,26,95.77369141404355,206.90915889087069
18435876,26,83.9500651766,215.20545196821712
18441028,26,72.07530340153052,224.72461066731725
18447416,26,60.05742585005429,222.02050716153505
18452388,26,42.86074746711748,208.64313151062507
18457468,26,27.972520249210742,197.02420691607287
18463704,26,17.900062883901448,188.15043914047178
18468852,26,3.2011530872636453,178.9713737414783
18475400,26,-4.809764750270314,169.93194568134342
18480560,26,-13.360621061587082,110.19298437218531
18489408,26,-26.238519372683168,155.80609776619568
18494548,26,-32.55746632418262,150.51913960207756
18499544,27,-40.67336950287593,144.3803207271771
18504552,27,-36.57489355557072,110.08304665750613
18509900,27,-35.44454916317754,88.14013804515562
18515296,27,-33.2427056093599,72.76621828684951
18520532,27,-33.42092873268531,62.64217048159147
18525932,27,-34.74430964169139,58.45368206984288
18530848,27,-35.205418331698525,53.44696923203509
18535940,27,-36.025842942567515,47.98060691860263
18541176,27,-34.38219490261039,41.63970069151449
18575060,27,182.2613186594178,108.28116974123508
18581140,27,190.9594476119323,129.9826502566619
18587352,27,188.13237404579007,145.7745171005376
18592496,27,174.2978946267054,153.11513291865666
18598560,27,162.4177246321056,161.43569222860697
18603704,27,150.18239709123264,168.88234840838552
18609488,27,140.96725961222026,174.08110672161095
18614848,27,127.73216462517584,185.2282217162573
18620612,27,119.57408716630779,191.7760091313411
18625760,27,105.86085625518592,203.06274673833914
18631996,27,97.63622194724282,210.4546700927987
18637168,27,82.91411916604049,222.02308177961956
18643400,27,68.2891317507572,212.28658573901396
18648412,27,51.63745773165582,202.5205494734089
18653408,27,39.60637787031866,191.95659621902428
18658572,27,29.135913898383723,183.70383371423137
18663572,27,16.820741437642933,175.19435680834005
18668812,27,3.6185068021979885,105.93821977229203
18674280,27,-3.4832378901108836,126.95222350869201
18680368,27,-11.546416054597556,156.57483921848404
18685504,27,-18.164792501420244,150.91070311074807
18690652,27,-26.87570184821333,146.55612116239274
18695820,27,-28.626380995767907,115.50554233925374
18702052,28,-28.51094466740141,95.84949678622405
18707508,28,-28.858297739283064,78.88725278263206
18712608,28,-27.05770861839148,64.55912332368078
18718016,28,-27.865691488932722,58.7239579545148
18723308,28,-29.49253184162392,53.39654076408695
18728380,28,-28.96741834050299,45.57289407845733
18734832,28,-28.741100435051344,40.91392361754482
18739928,28,-29.332019536227715,36.72373387778475
18781092,28,188.86923327656768,124.11451454814404
18787148,28,188.07671452927661,140.89765594882334
18792304,28,175.24056538714555,148.96558073190454
18797300,28,166.71439073094427,155.53235008579418
18802456,28,155.45190894516884,164.04482315910775
18807448,28,145.0628006936245,173.29969375311018
18812596,28,135.69625906917284,178.2204401145725
18817600,28,125.02778416453889,187.06430227840232
18822596,28,114.286757916406,196.13142778493406
18827792,28,106.03687184733352,202.97088906745265
18832784,28,94.97637633095242,212.76392537044737
18837936,28,68.1658927332376,211.2756755234278
18847228,28,51.317004672403996,200.53818846158072
18852380,28,35.874429700454805,187.60070707134108
18858916,28,22.992133075384228,179.53373448085966
18864064,28,10.454253845044645,158.6559440315533
18870284,28,0.3252077779729141,76.99931324304877
18875372,28,-6.585239589926076,156.86183289616142
18880952,28,-16.122077988528165,155.16468219711538
18886100,28,-22.820541240127334,151.28854185795976
18891104,28,-31.457696002687,146.6642879579161
18896272,28,-37.94022118899559,144.08865193390523
18901424,29,-35.28223313947383,112.60179405627521
18906724,29,-34.64416099645783,90.60232948910038
18911964,29,-31.191833425131136,71.49174447150435
18917356,29,-31.432130843731805,61.424922878441805
18923372,29,-31.257382044674006,54.69895856150546
18928596,29,-31.8209223599,48.49153431440602
18934808,29,-31.092304768554072,42.92165635409879
18940044,29,-32.4172082980997,40.658635074945835
18980188,29,190.997351286625,117.02996112745477
18985740,29,191.62282691749772,134.30075280558447
18990600,29,182.05245919919247,140.5592476485498
18995600,29,179.18188437111658,152.04884844422799
19000756,29,166.60111167994637,160.015841675148
19006056,29,157.6593193840206,166.08593863228575
19011212,29,143.1607222606547,176.1647172444235
19017436,29,133.6873700659753,180.97703468905377
19022572,29,125.19010885906374,186.95570770601194
19027580,29,113.95254608326708,195.16868919255694
19032728,29,102.17699115924682,202.7038787927927
19039160,29,90.69269388294123,211.36422421085155
19044148,29,78.8625838352653,220.31044657670174
19049300,29,69.48755279955978,226.58437723269537
19054292,29,52.840846182044324,219.73585272951144
19059300,29,36.78973055360972,208.78341822518567
19064760,29,25.83343421418148,200.34129298949222
19069912,29,12.790103670476526,191.57351917240143
19075048,29,3.7686986415586445,183.96140059955272
19080036,29,-6.7780263719687195,164.8607241234276
19085024,29,-6.449897035376907,73.7183751057566
19090044,29,-20.90994687522619,139.44093416811012
19095344,29,-33.21051332620262,155.49296384277366
19100492,29,-39.33804512072853,149.92504195790485
19105972,30,-46.37963739819669,145.80099188555542
19111116,30,-41.899217270922875,108.16864421857194
19116260,30,-37.96312124492953,85.99303126034563
19121828,30,-36.291900603619396,70.17049202176803
19127052,30,-37.97524557356661,63.512839045560774
19132136,30,-35.34420794561869,53.35528994108142
19137360,30,-36.75297845626955,48.68489061909234
19178908,30,193.70485866662008,124.00978884323905
19183756,30,192.67191759162728,136.284746657743
19188732,30,180.02387288662092,144.74945661694815
19193928,30,171.65050996598114,151.58199902501158
19198908,30,159.87520608469808,159.73702914282373
19203896,30,152.3307276685586,166.94714555202026
19208872,30,141.14146818979327,175.2258141862368
19214012,30,132.9017624929893,181.5547342435803
19218996,30,122.01781629673295,190.2305246435932
19224160,30,108.45010628676938,201.6917808101967
19231924,30,100.32071478756832,209.18832229479582
19237064,30,89.51485179119494,220.52458209641935
19243228,30,70.9992519124228,211.39561544146633
19248232,30,57.32483777243793,200.98473318728384
19253052,30,45.68939411176144,193.68396749782914
19258040,30,32.16084245153101,187.25832481576836
19263188,30,22.369732293662643,179.61234667224264
19268484,30,10.402619739109763,166.675689596784
19273488,30,1.227383894866161,75.99008835877626
19278564,30,-6.6295520957955665,145.8494053433511
19284792,30,-14.453278901939477,157.33754392700666
19290084,30,-23.49734939397193,152.1968283882999
19295728,30,-29.70623505857976,147.02904338478302
19300856,30,-35.97593739442543,143.56089972061466
19305848,31,-35.67241072980071,112.47879405792186
19311000,31,-36.67502582526018,99.45321754833526
19316156,31,-37.08241164436476,84.19557438866892
19321544,31,-34.473928567068,64.3470920023018
19329264,31,-38.43260034752686,64.40446592067416
19334200,31,-34.74645793861478,52.5517236703048
19339436,31,-36.108939194741296,47.91810211423732
19381980,31,199.94981433419701,123.47093482970047
19387112,31,191.97309724073136,135.54087920550282
19392560,31,183.26862434163598,147.09728526361152
19397700,31,174.03213108371966,153.41713512661818
19403224,31,162.84573777071816,162.42310700731747
19408376,31,151.21595434731245,170.63919582215428
19414292,31,139.19707603980837,178.0454268493516
19419448,31,131.9870583220288,185.91238913933995
19424452,31,120.29679499492902,193.6819070381847
19429584,31,111.71513401863096,199.901797968901
19435196,31,100.06884487263741,208.19996706497346
19440344,31,91.52407632156921,215.35863914290405
19445344,31,79.76706206889857,225.29584063825163
19450500,31,61.07535371083159,213.43336470452977
19456048,31,44.809915745599966,203.1159064447495
19461180,31,33.854281468184,196.0991780356893
19466192,31,20.74068884474333,188.86456477128138
19471344,31,8.69710379426453,181.7920800958936
19476808,31,0.25975831666677096,159.99978914241393
19482120,31,-4.73325381627553,78.85807700109554
19487512,31,-19.63854948286756,160.80524672475386
19492660,31,-26.206517106492587,154.79734642798988
19497636,31,-34.7732199423168,148.9960508699585
19502772,32,-36.1330312756075,120.70792869913713
19508600,32,-30.720773245268592,83.52983952584124
19514132,32,-28.561667294009535,65.00177814018865
19519684,32,-31.117816579672347,58.2037927571208
19526156,32,-32.74815764299827,54.98689090128059
19531384,32,-32.688232616978965,47.911162043706184
19537244,32,-30.667675788102628,39.49042493764563
19576984,32,184.64506689465094,117.75907299002434
19582456,32,188.82077974999353,133.07033153413434
19587744,32,188.00591684678417,145.93757305985346
19592752,32,174.91578985865294,153.92682176321176
19597904,32,164.7456809411077,159.05929904048594
19603064,32,153.2951271104418,167.4204408194934
19608216,32,144.12171369223358,172.78290321213456
19613344,32,133.21619711879305,181.32414297386566
19618544,32,125.25783965290658,188.1129277999966
19623524,32,113.4447229036916,195.4643058087707
19628684,32,104.76175007472793,201.3801770812615
19633680,32,96.19375146410515,207.81665520179556
19638680,32,84.67690556773941,217.06870263460863
19643688,32,75.52603756494925,223.58850070998255
19648840,32,63.19201098352706,220.10854083351194
19653992,32,46.499742397166735,209.91134785188993
19658832,32,34.36623934055036,198.0403029526768
19664008,32,24.05936803705343,190.48660532871494
19669252,32,11.651944714831323,181.626628511247
19675496,32,0.4358353331122452,174.9994572779082
19680644,32,-4.664882093113737,78.86215109326746
19686824,32,-15.970673165771087,151.15865042607425
19691964,32,-25.906386216066927,153.83386868054765
19698032,32,-32.13464208620622,148.56434558127137
19703188,33,-40.67336950287593,144.3803207271771
19708204,33,-37.20549516859779,111.98103022056658
19713512,33,-36.56385071569894,90.92351082552896
19719064,33,-35.32037470994489,77.31410692977761
19724504,33,-33.89164603877947,63.524454572881496
19729880,33,-35.76620110174113,60.17290801307355
19735732,33,-36.586798074740756,53.72528461197899
19740820,33,-34.22455079543914,45.5815765726725
19780232,33,196.0168898789965,116.45333349529055
19785528,33,188.47945478580328,128.29456388969228
19791452,33,187.34190188593382,145.16201912952693
19796460,33,176.63405374147322,150.4141318455628
19801604,33,164.88352341734475,158.91640477144557
19807052,33,152.76410832978252,166.55067458946684
19812208,33,142.22589585875792,175.63540231733964
19817976,33,130.56813763178982,183.240174185046
19823116,33,122.51200268357111,189.91263569984136
19828124,33,111.57204483091192,198.83580867703128
19833308,33,100.42950496716507,208.02623520135668
19838304,33,91.89715521979961,215.1997046059963
19843308,33,79.48683000403491,223.273025365604
19848320,33,60.33802216060408,209.48346732319104
19853312,33,44.07622679704823,198.1572260386564
19858944,33,32.991263842281015,189.14432719510518
19864096,33,20.180887833831935,180.87767072316666
19869092,33,8.368581026140202,168.79267416451736
19874248,33,0.26188374297767514,77.99956036353773
19879336,33,-9.19317145915052,157.73232261817063
19884580,33,-16.256599691745254,155.15064603946175
19889584,33,-25.112156313092434,149.9112390893585
19894740,33,-31.374130827811655,145.65941066336688
19899740,34,-31.62757766502874,112.64411361026627
19905048,34,-29.246534119741717,88.28159628134725
19910268,34,-28.666790663789037,71.46478232695107
19915664,34,-29.208850776802336,59.18482099574597
19924308,34,-27.82648381145877,48.597189205659035
19929544,34,-28.566741599026855,43.45044619350219
19936068,34,-27.605411117769034,38.03868132597335
19941144,34,-22.26137539224724,27.007983368727277
19978976,34,200.2700396223264,122.95084883672746
19984112,34,191.8990922269966,130.37921000855408
19989212,34,181.1395236367142,140.10522108995175
19994352,34,170.67115051432066,149.66749273679338
20000736,34,160.4280523991256,159.18178288806612
20005868,34,149.66359011212504,168.00538620755538
20011936,34,142.37811827867233,175.5120264694827
20016932,34,131.30796647078972,183.94080009966783
20022072,34,123.2192370886444,190.64632073893384
20027056,34,112.7246074999613,200.48232556507236
20032216,34,101.48069694924976,209.73952452195206
20038292,34,89.89932872286673,219.28773494014195
20043484,34,73.66151727215863,216.82938194157055
20048320,34,59.68678279658731,206.54899651025423
20053324,34,44.683953534789204,200.07084819258603
20058336,34,33.67329017185879,192.0705847572756
20063496,34,20.896243395142438,185.82881103846887
20068504,34,8.968200674366237,177.7739333441894
20073644,34,0.523711226865472,123.99889405374088
20079112,34,-9.593808706428511,131.65089758336043
20085812,34,-21.158725039042892,156.57684488685476
20090952,34,-27.646384057345877,151.49811037948206
20096044,34,-33.93637380427835,147.13708755108715
20101192,35,-37.24046050742734,125.59517546942138
20106188,35,-35.64462776142338,97.70087262532289
20111652,35,-31.991624025775526,73.32486612461983
20117820,35,-30.924712186190057,62.798584189464876
20123228,35,-33.24197773005013,58.17190831144231
20128156,35,-32.677808172252114,51.508842474447945
20133100,35,-31.576178992088654,45.03270944835076
20138356,35,-31.170392594326636,39.09484141821715
20180404,35,194.8299045457806,127.79009466575263
20185560,35,185.48293260854007,134.30220292659305
20190556,35,183.0457420174861,150.54320419490188
20195708,35,172.18999011716343,155.4818552225666
20200788,35,160.19742867532153,163.63918798935438
20205804,35,151.14066243018146,169.36794313023327
20210812,35,139.81334415644739,177.56190130709572
20215804,35,128.05297316447945,185.00658383889237
20220952,35,116.42571152623819,192.53585041651118
20227192,35,105.28498385071394,201.1071161733341
20232336,35,93.52714501316464,209.03031633159452
20238248,35,81.54140265091827,217.19806549258402
20243244,35,69.48755279955978,226.58437723269537
20248392,35,54.71131861326713,227.51411300312245
20253588,35,37.13680348336076,210.7530731141025
20258584,35,25.577657637803448,198.3577158311804
20263728,35,12.590258300625331,188.58018293533266
20269028,35,0.9010128726953041,176.99770669645196
20274008,35,-5.363175501396117,94.84849154594512
20279408,35,-20.490585386938765,152.63071745392725
20286404,35,-30.81301422241704,155.9857626661136
20291556,35,-37.50343041763896,152.4548874484164
20296692,36,-46.37963739819669,145.80099188555542
20301852,36,-43.34401786647194,111.89859746748822
20308164,36,-40.95384784178913,89.03247916884929
20313692,36,-37.840772089872885,70.4845796443612
20319836,36,-37.462066579329225,62.65455743683698
20325076,36,-36.44871444391928,55.02264275174022
20330312,36,-36.15047061272415,47.88677765812362
20335540,36,-35.12905182383922,42.319613868252844
20376884,36,196.44111219670185,121.53966199937693
20381868,36,196.39737141497878,134.43240867174433
20386852,36,183.8083398656274,143.19041237402038
20391992,36,174.72304955086275,149.5722432660778
20396984,36,166.17431530288937,156.1092467908801
20402128,36,154.88239699342256,164.58263304969893
20407124,36,146.4684087201204,170.79814181365018
20412208,36,135.6807587857685,179.48741375182303
20417324,36,124.9316520195088,188.3297170487875
20422300,36,116.61802800957747,194.7542953137553
20427436,36,105.33253589901196,203.33729830280367
20432588,36,93.83391104654093,212.17727761876353
20437580,36,81.98938912630524,221.300113128519
20442716,36,65.61460233937736,217.31020215315567
20448164,36,52.08913269080751,206.53261789731772
20453008,36,36.883760700810576,196.5695505325414
20457992,36,23.60562910546721,189.53568074253226
20463348,36,11.15011337305777,178.65238585523554
20468492,36,-1.7270464923098992,117.98736080789925
20473944,36,-8.375043481621516,109.68071228197303
20479404,36,-21.701135702856373,156.50259010382612
20484396,36,-30.498401326808555,150.9498178750439
20489552,36,-36.46209871056631,145.50091187900136
20494700,37,-36.881644991827855,116.29163453446158
20499856,37,-38.22019744765338,94.56858097202469
20506240,37,-36.63928847441079,76.69786529029938
20511632,37,-35.94612233574545,64.68289023399946
20517268,37,-38.8938571766027,62.954490498502416
20522364,37,-33.46291269789576,47.3733413828179
20528668,37,-33.81016444146665,42.105495846041094
20570640,37,193.81217849527908,123.84199395566138
20575776,37,192.79000403750044,136.11764890424965
20581224,37,183.14300733985726,142.4171298071724
20586208,37,173.28199258766915,152.75585437176207
20591356,37,162.13771282388893,161.71691958554652
20597564,37,154.49925445819335,169.0295251483078
20602704,37,142.54927666801348,176.65985316824575
20607860,37,134.833242083831,183.85863272950505
20612852,37,122.72333169838751,190.9659232869769
20617848,37,114.27784553831044,197.29311700898756
20623084,37,102.8146649792803,205.74047891749052
20628252,37,91.52407632156921,215.35863914290405
20633236,37,79.76706206889857,225.29584063825163
20638376,37,61.07535371083159,213.43336470452977
20644928,37,44.59448345836151,202.13938766376512
20649900,37,27.24305492242435,193.08758623612698
20656424,37,14.524462883749463,184.42895645190475
20661572,37,0.26138180614593826,160.99978782455403
20667512,37,-3.5634213921202695,79.9205982709225
20672440,37,-17.372910251791627,163.0772270716644
20677788,37,-28.768346397102174,155.35888209425406
20682948,37,-37.304894017871476,149.41333569101312
20688092,38,-35.40582794346996,106.25642261829353
20694924,38,-30.286211400031064,75.12486538445596
20700492,38,-27.537150240271657,57.772877344344785
20706036,38,-31.040024879383235,55.968891855094554
20711284,38,-33.887411398931064,53.10972932222115
20716684,38,-31.792546722646215,43.64898593195903
20721932,38,-28.044527374705144,33.90434314847308
20757660,38,182.16747883416215,108.43896742041159
20764996,38,193.32534105886776,131.83820578448592
20770300,38,184.84615353843486,143.4848407395198
20776844,38,178.7859521761352,152.51420689389136
20782200,38,167.90464333429682,157.18788358770715
20787796,38,158.37604216746743,162.622351684412
20792944,38,150.03591966828202,169.01249305685312
20797944,38,142.07374228778386,175.75850406835048
20802940,38,130.4094027006041,183.35317746707221
20807944,38,121.80594265843936,189.17799114349688
20813104,38,113.4447229036916,195.4643058087707
20818108,38,104.76175007472793,201.3801770812615
20823260,38,92.98335068144966,209.27278011258548
20828404,38,84.31348537216971,216.1370773014129
20833656,38,72.38070722950312,225.67683359387368
20839880,38,54.662829533840615,215.16499498606711
20845032,38,42.05585080106832,204.72495063718608
20850492,38,27.691389392434758,195.04406413299674
20855640,38,17.900062883901448,188.15043914047178
20860644,38,5.689400621702068,170.90532677645183
20865644,38,-2.970737051637547,104.95796645024153
20871572,38,-14.919970983812464,141.21400237172728
20877812,38,-23.987893408447327,157.18009088248095
20882952,38,-32.34605420519442,149.54174259167448
20888764,39,-40.67336950287593,144.3803207271771
20893916,39,-37.535711386626424,102.33313427575588
20900004,39,-34.5275465087643,78.76451315208594
20905560,39,-32.90977354635391,64.03863525347572
20911560,39,-36.788092561790876,61.89213395630422
20916800,39,-37.7125457078097,55.378370292347576
20922036,39,-36.14748938992027,46.63002263355232
20963480,39,199.3117295755874,122.60030364394662
20968468,39,191.38979608009274,134.632633326473
20973612,39,185.7609575662213,143.93702318750562
20978612,39,175.87270006155308,149.7657950703664
20983596,39,167.31009330277828,156.3596261156173
20988576,39,155.99699930571356,164.90584042905576
20993728,39,144.9126687822374,173.42525313924025
21000144,39,136.14678780093303,179.1341736561947
21005268,39,128.29986313462106,186.05145825721846
21010256,39,116.6078361110937,193.59393729527872
21015252,39,108.02239857044763,199.6500974382115
21020388,39,99.99474520540245,207.12568872862354
21025376,39,91.11170944869022,213.36039089141514
21030524,39,79.15144253566346,222.33094508979977
21035524,39,68.22016048270473,223.83478215798817
21040516,39,53.36694196190266,209.30353438400155
21045360,39,40.81881800920597,197.8328185522597
21050612,39,23.71964705335521,186.49766310510236
21057300,39,13.881198589119753,172.44219995618653
21062444,39,0.2853861301679793,84.99952090898341
21068768,39,-6.892477996332812,160.85239739298282
21073896,39,-16.256599691745254,155.15064603946175
21079956,39,-25.112156313092434,149.9112390893585
21085124,39,-31.374130827811655,145.65941066336688
21090272,40,-30.005650605283677,106.8674923994834
21095892,40,-30.272881177415595,86.87665201432475
21101136,40,-27.549902715849203,68.68044015836857
21106744,40,-28.76629243169927,58.288081283689216
21112900,40,-28.820286804725153,50.332803105861146
21118144,40,-29.66546242975866,45.12161720094458
21124004,40,-29.367458635924503,40.466682261673775
21128928,40,-24.963420881895928,31.25424159811468
21169208,40,195.55486985272938,128.5079486914412
21174196,40,186.1760183125131,135.0499544809208
21179348,40,175.96915223471936,144.97881728650626
21185272,40,168.3470381090697,152.27696726656805
21190272,40,157.95869645222984,161.63245408986498
21195416,40,149.66359011212504,168.00538620755538
21200404,40,142.37811827867233,175.5120264694827
21205564,40,131.8889751719879,184.7546974452416
21210764,40,123.76205311106135,191.486172372145
21215736,40,115.29368970421575,197.85945798568238
21220736,40,104.24793117022394,207.2591827802287
21225888,40,92.87073896197472,216.95858094266922
21232572,40,79.34417369227445,222.26223723586105
21237568,40,60.51962162630713,209.43107553132754
21244412,40,45.11989454488471,202.02275890666004
21249564,40,33.84597371120166,193.05556211500524
21254868,40,21.119732629315084,187.81628495331879
21259872,40,11.572004256150048,175.6191581732917
21264948,40,0.4772529728693415,112.99899216187677
21270556,40,-3.8169223100845406,90.91991588248847
21275964,40,-16.53546460361863,159.1432637919132
21281108,40,-23.26800283307101,154.25498385517466
21286100,40,-31.877131949389494,148.61981179735497
21291256,40,-37.94022118899559,144.08865193390523
21296416,41,-35.44939720312195,102.0163724013714
21302964,41,-34.330847639853545,82.11207524066823
21308364,41,-30.924712186190057,62.798584189464876
21314996,41,-32.24967988736207,56.43543343647388
21320428,41,-34.015468729548274,51.83577806022712
21326284,41,-32.26559928812215,44.541341499536486
21331220,41,-32.403832230128884,39.382631410326816
21365640,41,188.4393510461791,115.46259557664064
21372904,41,195.32274406046264,132.45763720031778
21378060,41,183.63552406179414,141.7815019759285
21383680,41,179.18188437111658,152.04884844422799
21388676,41,169.77619499076107,158.11402092938843
21393848,41,157.6593193840206,166.08593863228575
21398860,41,148.51560734460796,171.67444298748208
21404008,41,136.45720162235955,178.89782593814468
21409608,41,128.05297316447945,185.00658383889237
21414748,41,116.42571152623819,192.53585041651118
21420368,41,108.36803034227239,199.46270327992733
21425716,41,96.31112424666313,206.65954453241162
21431628,41,87.42854850939753,212.73516142269457
21436624,41,78.5255642462257,219.36894894175856
21441628,41,69.19435637424517,225.62832500808483
21446472,41,54.47750955936428,226.54183046892106
21451468,41,41.13131094323937,214.08459837197668
21456312,41,26.089210790559516,202.324870147804
21461464,41,15.655588080667199,190.35730236018915
21467080,41,3.584360121047624,174.96328861370503
21472244,41,-4.92947372506816,119.89870845340188
21478744,41,-8.096334924770739,78.5840273897052
21483676,41,-26.16033953291479,157.84687718014132
21488832,41,-35.37624224877414,153.98870570387962
21494416,42,-42.14310219484962,148.12143307906004
21499540,42,-43.00359603794386,116.3043022755622
21506684,42,-40.386299196733546,91.48194814930386
21512304,42,-36.89475278762607,68.72246515325217
21519080,42,-37.89570276410607,61.22022306407029
21524460,42,-36.392246320367626,51.42571737718093
21529556,42,-38.23418683074289,47.53048450617611
21565320,42,194.54705370430105,124.54896183820965
21570480,42,188.9363635617023,138.05452011462808
21575476,42,177.00477161581236,146.86494076270927
21581096,42,165.4454805866486,155.42455711197275
21586288,42,154.19707665274368,163.85439131054096
21591280,42,143.18285547509484,172.2633736404756
21596440,42,129.5132717258141,182.76299528863998
21601892,42,121.477914454712,189.38879665844456
21607048,42,107.97652503660882,200.81103067565434
21613268,42,96.25194766109055,208.89126973487112
21618408,42,84.30059853979215,217.2151216785627
21624016,42,71.68574761472549,224.84917964919924
21629000,42,56.818668590561366,211.50091938238933
21634148,42,41.30194685961843,202.83774102864894
21639388,42,30.353219593491872,194.64758426527996
21644384,42,17.57397145655787,188.18117739892077
21649528,42,8.070284239731642,171.8105657760603
21654500,42,-1.5953226073032118,108.98832481407642
21659956,42,-5.95644245806662,97.81881615130976
21665192,42,-19.167529361873797,155.82556214614374
21670952,42,-25.669615481126954,150.8312661255984
21675924,42,-31.752884401678916,145.57731393377753
21681064,42,-34.31168237771519,128.49789279365942
21686056,43,-32.64932507473286,102.94669286657255
21691556,43,-32.435323080093944,83.95206856706942
21697248,43,-30.230226883993012,68.63769651250183
21702492,43,-32.031962631446476,64.48219420877066
21707716,43,-35.460363925802945,63.80879712272919
21712632,43,-34.16352319566453,55.297863275711585
21717720,43,-34.03985946854914,48.19012313079752
21722960,43,-32.55793612881973,40.54603303692846
21759300,43,191.52071242105967,114.23141736724517
21765700,43,195.22008858748637,129.01595642359118
21770824,43,189.30727508516284,142.58946524842037
21776896,43,177.1333499095415,151.36966786587044
21782048,43,166.04549718157514,160.59231882541428
21787820,43,153.82458522475144,168.29140495115365
21792964,43,142.54927666801348,176.65985316824575
21798148,43,131.40816771535324,185.09698392381654
21803140,43,119.76917747302143,192.83242498977162
21808284,43,108.62473068071776,201.59778739991552
21814696,43,97.27135757167187,210.62355755272
21819832,43,82.18100425610493,221.22902734374182
21826668,43,71.27128382735798,222.88204077852524
21831648,43,49.313673149067554,208.24063398037123
21838044,43,34.19452550304012,198.07002404609824
21843196,43,20.74068884474333,188.86456477128138
21849380,43,11.557626497267952,182.63466612269875
21854540,43,0.1867012901042416,114.99984844611002
21860308,43,-4.134107763582425,68.87604193766572
21865400,43,-22.1115608036055,160.48388977971732
21872708,43,-28.586268255348365,154.37559803036638
21877860,43,-34.7732199423168,148.9960508699585
21883020,44,-33.55210047020696,112.0859337920559
21888764,44,-28.304532652944097,76.9600768665054
21894928,44,-28.561667294009535,65.00177814018865
21900672,44,-27.534982790438566,55.5502000242146
21906068,44,-29.585023713162148,53.345350049386994
21911148,44,-34.96320223699237,54.79575247530753
21916252,44,-31.792546722646215,43.64898593195903
21922884,44,-29.395617688927125,36.67284636739334
21963960,44,189.70383585066878,120.98534896235377
21969416,44,185.94169728842277,135.37239456218742
21974416,44,184.9569065684306,148.18887513115428
21979556,44,174.1650783141952,153.26619162688897
21984548,44,162.2778604370403,161.57628542572849
21989708,44,153.2951271104418,167.4204408194934
21994712,44,144.76225464197685,173.5508272264107
21999700,44,133.80826910598768,182.1300280537495
22004860,44,124.7036014243539,187.280569712386
22010208,44,113.4447229036916,195.4643058087707
22015352,44,102.09741197670152,203.86298945041418
22021736,44,90.1430525772819,211.59922039565598
22026888,44,81.6747045139506,219.28347553465778
22031884,44,69.18913663708292,227.72102092563847
22036892,44,55.15528745756891,217.10341836431996
22041732,44,42.25707496758061,205.70449585554584
22046560,44,30.846287438942397,195.5824801745651
22051548,44,17.900062883901448,188.15043914047178
22056704,44,5.955571411021462,178.9008976197946
22063024,44,-3.90439726786649,137.94475590603173
22068792,44,-5.6550593525398485,75.78931523453191
22073880,44,-21.430040802534087,156.53994171201714
22079044,44,-28.45241388463315,154.40032430062294
22084044,44,-36.934088823466396,148.4751598173253
22089040,45,-42.890909445400304,143.73715555466677
22094048,45,-40.29062598381002,109.8438230299398
22099360,45,-37.57180152250877,89.42795832597996
22104748,45,-36.35352346423835,73.50116551276633
22110152,45,-36.82630949628859,64.18584679571943
22116352,45,-36.52717416258274,57.356477818083874
22121600,45,-34.694940284154484,47.72065714843997
22127460,45,-37.56573146766691,45.49522853332139
22164488,45,187.3870961821762,115.26524274217203
22170048,45,193.43944043806127,131.67073662363157
22175068,45,187.15467926762233,140.4604073332888
22180064,45,180.47099604719315,148.9503930365207
22185052,45,168.04070506392577,157.0424192427597
22190036,45,158.51681371889546,162.4851370692378
22195184,45,147.56493049590463,171.17415484745013
22201412,45,138.88813896798595,177.0171880185916
22206556,45,125.42069845908811,188.0043839862105
22212952,45,117.12379998769147,194.45054763729323
22218100,45,105.86085625518592,203.06274673833914
22224376,45,97.63622194724282,210.4546700927987
22229360,45,89.33065277716884,218.44000200147616
22234512,45,73.47371542942098,216.89309150131191
22239680,45,59.23090248793245,205.6397339778114
22244528,45,46.88919156193394,196.4825786543638
22249696,45,32.991263842281015,189.14432719510518
22254856,45,22.710300370233714,178.56159233467247
22259852,45,8.759592929353497,134.71551332980184
22265468,45,0.258526259093346,76.99956599990261
22271192,45,-6.849667573995342,159.85331417936183
22276428,45,-16.360808664128236,156.14520146279162
22281440,45,-22.9515485437999,151.2687225418447
22286600,45,-31.58469546423992,146.6369906007049
22291756,45,-32.444776747775265,122.78573395059794
22296760,46,-32.70580159627031,98.72350551892595
22302212,46,-32.389750490255146,80.74592288889276
22307604,46,-29.446899270580495,64.605573469696
22312696,46,-31.95680887274268,60.023015308054916
22317780,46,-32.44949651246756,52.83020136330502
22322872,46,-31.480791576012646,46.31371029994953
22328312,46,-30.580190580322512,38.28644595769049
22369644,46,190.5406424206081,125.21287308396832
22375244,46,191.03278400762213,138.57299677172745
22380476,46,179.0563303441004,147.52230530907653
22385464,46,169.83027192500862,153.61861455526028
22390612,46,158.6576287374167,162.34764193982014
22395924,46,150.32876162373447,168.7520768129223
22401084,46,141.7481266048729,174.73542458244958
22406068,46,130.72695776959154,183.1269027540941
22411220,46,114.286757916406,196.13142778493406
22420860,46,106.49991495583716,203.85722482757254
22426324,46,94.97637633095242,212.76392537044737
22431664,46,86.87812906521219,221.57660230748266
22436652,46,72.69651922929194,213.98882235281633
22441776,46,58.57633102362754,202.70622448215647
22446768,46,43.59410100955044,195.19107140740098
22451912,46,32.98255601448733,188.13067532635716
22456916,46,22.865104715851718,178.54183539533005
22462052,46,10.388503820861976,157.65810790556867
22467352,46,1.843925801549274,93.98191282176789
22472924,46,-3.2297034931484574,76.93223651595177
22478020,46,-13.995727307371222,158.38282614329654
22483568,46,-23.417156697385565,155.2437978542463
22488728,46,-32.08684992274074,149.59757371707443
22494348,46,-37.94022118899559,144.08865193390523
22499508,47,-34.086225236440825,108.78478408826588
22504664,47,-33.805780769816934,84.48768659717862
22510984,47,-30.63274314321055,67.36197033580659
22516384,47,-31.435569312520702,59.16760077946128
22521608,47,-33.11459152508528,55.93231470381634
22526556,47,-34.247874969668814,50.47854058965981
22531500,47,-31.74933067005593,42.4379547339813
22569000,47,176.42455114030338,104.40008503321478
22575352,47,193.66746656842483,131.33511485116253
22581432,47,183.393589154529,137.14150158511399
22586588,47,173.6743865836907,156.8222160434508
22594772,47,164.11818532253776,162.5614383746562
22599924,47,152.47229822251788,170.8601717040679
22604928,47,142.53005828593814,175.38866122132035
22610084,47,130.88549662782415,183.01362455426053
22615700,47,119.37569661443123,190.72085113542062
22620844,47,110.93493314339797,196.8995698534403
22626000,47,99.04458442228369,204.25271184642108
22630996,47,90.29837782258062,210.44524932297827
22636148,47,81.18993108776776,216.26186693442634
22641152,47,68.60796352361598,223.71622055886377
22646496,47,55.646554828878536,231.40324313992795
22651624,47,41.69733815805459,217.03071669819656
22656460,47,29.629801150936824,204.86843310709423
22661468,47,15.983453799634052,194.3438427237533
22666628,47,3.7482165837240866,182.96161037890298
22672724,47,-5.915368470081791,143.87845014408225
22678484,47,-6.2755754938802335,71.7259865893848
22683892,47,-23.13440930876089,154.2750761008878
22688892,47,-30.81301422241704,155.9857626661136
22694040,47,-39.591838960217096,150.89230029311713
22700668,48,-48.300601730721176,144.12165650050744
22705812,48,-41.899217270922875,108.16864421857194
22711108,48,-40.95384784178913,89.03247916884929
22716504,48,-37.36776243874947,69.60352239880669
22722048,48,-39.00160356204139,65.22940226300837
22727576,48,-34.46627630210365,50.32967114801217
22732836,48,-36.75297845626955,48.68489061909234
22738064,48,-35.12905182383922,42.319613868252844
22778616,48,193.92177429630257,132.73788251201645
22784680,48,186.78899098399222,140.94634740631653
22789684,48,174.72304955086275,149.5722432660778
22796064,48,163.75157526103715,158.64873652043022
22801196,48,155.56771733410142,165.3108747888569
22806420,48,144.46127382755103,173.80143947655128
22811420,48,135.6807587857685,179.48741375182303
22816556,48,124.3788570990685,187.4963997167132
22821520,48,116.10429220336788,193.89634687624977
22826652,48,102.19020973620944,204.9345286526151
22833028,48,93.83391104654093,212.17727761876353
22838172,48,78.90605212679114,223.47893622837057
22844244,48,65.90365345100457,218.2675158190286
22849248,48,45.27755412899246,206.08479587804666
22855176,48,33.853518370032646,197.11402612186143
22860520,48,20.68523515281344,189.87659425709325
22865640,48,8.351805782978094,177.80395760545775
22870784,48,-1.6392305689721076,111.98800347868402
22876244,48,-5.862530437135062,76.77649859738112
22881340,48,-19.53378788471215,158.80312065849043
22886328,48,-28.171157995197262,151.40140639112184
22891460,48,-34.446146087386296,147.01858052547794
22896608,49,-39.97634570141955,133.12735175147364
22901752,49,-36.134279463598766,102.83634497417022
22906900,49,-36.55991779031351,86.59891691681551
22912244,49,-34.05298575857003,71.28389832863118
22917792,49,-36.431880745687955,65.55698334526971
22922856,49,-38.36826451205402,62.103754140414544
22927796,49,-35.77069978050926,50.64046837473637
22933172,49,-34.38613075067249,44.199479770667615
22975804,49,198.39141062450574,118.32940543423155
22981120,49,190.73390103865844,130.31338762604264
22987492,49,185.51123588304506,144.25873062364442
22992628,49,176.37312093997267,150.7200126389783
22997764,49,167.76829835026712,157.3333978170425
23002756,49,159.62912995442468,164.1936078840872
23007748,49,147.91969284687787,172.1881658770001
23012896,49,140.4289085711341,179.62105009580603
23017896,49,131.9870583220288,185.91238913933995
23022980,49,120.29679499492902,193.6819070381847
23027976,49,111.71513401863096,199.901797968901
23032972,49,99.63564640998531,207.29866850625064
23038120,49,88.19813211135026,216.74198829961122
23043436,49,79.76706206889857,225.29584063825163
23048588,49,63.551381563973415,222.08606867903774
23053584,49,49.313673149067554,208.24063398037123
23058416,49,34.36464752046818,199.0554470513027
23063564,49,24.018656123803463,191.49961921112657
23068556,49,11.747095784108412,185.628677042743
23073712,49,0.28248716937511337,173.99977069237517
23079072,49,-4.853083026814151,80.8544840137815
23084164,49,-15.153201761471884,124.07812247280391
23089616,49,-26.707278579865058,157.75525750623171
23094784,49,-37.304894017871476,149.41333569101312
23101000,50,-41.90613314799577,132.5325469633118
23106448,50,-32.002940850071134,83.04704556422732
23112020,50,-28.561667294009535,65.00177814018865
23117404,50,-29.302473481961133,56.897847479838504
23122640,50,-31.89789818596643,55.48444909447799
23127876,50,-35.80249785938684,54.251093509980066
23133052,50,-31.859519560093144,42.35529498657804
23173884,50,167.55970930500766,99.7433898442465
23181320,50,186.98423279587715,123.34057193696331
23186992,50,186.75013945054636,135.96097019071868
23192140,50,185.73731545690498,148.8141446464756
23197272,50,172.5256090047351,156.60113102256088
23203648,50,162.2778604370403,161.57628542572849
23208780,50,150.69979541902663,169.7603359464852
23214240,50,142.07374228778386,175.75850406835048
23219236,50,133.21619711879305,181.32414297386566
23224224,50,124.7036014243539,187.280569712386
23229220,50,112.94275510323278,194.59941949988234
23234212,50,104.76175007472793,201.3801770812615
23239304,50,92.98335068144966,209.27278011258548
23244452,50,81.32566731517304,218.34636666485156
23250388,50,72.38070722950312,225.67683359387368
23255552,50,54.41660057197647,214.19578329694068
23261168,50,38.89945638296556,205.34807594206904
23266012,50,27.831954820822748,196.0341355245348
23271024,50,15.001856927535588,188.40367376653182
23276180,50,3.254803697664712,181.9708939717824
23281164,50,-7.556053752322302,172.83490981769862
23286164,50,-7.000467422042526,77.68522031810762
23291460,50,-26.40458595099129,156.7922123090197
23297836,50,-34.87060886429241,150.0001354580506
23302968,51,-42.890909445400304,143.73715555466677
23308888,51,-39.60189733451412,107.96615084139383
23314184,51,-38.140894399216386,87.00731104009493
23319740,51,-35.19517448707293,68.48576270163376
23325128,51,-35.25525537171626,59.31329504145822
23330216,51,-37.95584163886247,57.62251370328783
23335460,51,-36.62627365827697,48.780283700579346
23340692,51,-36.9290241546556,44.72412296496001
23374536,51,186.55993466553613,110.83497091437741
23380772,51,195.44337997695462,128.67744644335983
23385752,51,188.4857147396375,136.9749442018065
23390896,51,182.01348319289565,150.22347331888415
23396332,51,172.6613173255246,156.4514924806232
23401556,51,162.4177246321056,161.43569222860697
23406696,51,153.44005571177271,167.28762447703085
23411688,51,144.9126687822374,173.42525313924025
23416816,51,134.558895996373,182.81931929705152
23422284,51,125.42069845908811,188.0043839862105
23427280,51,117.12379998769147,194.45054763729323
23432264,51,105.86085625518592,203.06274673833914
23437416,51,94.38525418837126,211.93259256611887
23443820,51,85.95775561812735,219.78913587594425
23448964,51,58.95412256976454,204.6788006414665
23458680,51,39.80845122679988,192.93596660789686
23465528,51,29.449203295140535,185.67914375416933
23470680,51,17.01188622670706,177.18520177207117
23476292,51,5.018117923802871,146.91432364648045
23481756,51,-2.249019740071594,81.96915218671454
23487776,51,-11.619960105900724,157.57213118802855
23492916,51,-20.620441982681715,151.60408098873478
23498532,51,-29.12836717232864,146.12507733402234
23503684,51,-34.2330715291487,129.55345156992223
23509504,52,-31.78199634304577,101.12321547721189
23514656,52,-30.785074391238975,80.30117804071048
23520048,52,-29.86164433072952,65.51551112419875
23525452,52,-30.116445108489543,58.72818517566617
23530560,52,-33.16301648632196,55.903616497753866
23535812,52,-30.21482284512456,45.957202704665775
23540896,52,-30.586595688246607,40.81004979418347
23546000,52,-27.349689767618035,33.18123671015066
23582780,52,195.15676201494787,119.81167822813018
23587928,52,196.0348485249922,133.18910677597984
23593096,52,184.303532783207,142.5524738600819
23598084,52,174.47864988546232,148.31790429393973
23603236,52,162.85923492773207,156.69355314994226
23609148,52,152.90845033101468,166.4181655269869
23614500,52,145.0628006936245,173.29969375311018
23619476,52,133.5302316579575,181.0930071354833
23624480,52,125.58346320527016,187.89569917741744
23629620,52,115.29368970421575,197.85945798568238
23636168,52,103.79858663931779,206.3658242337622
23641328,52,94.97637633095242,212.76392537044737
23646324,52,86.51309490947601,220.6456081801403
23651484,52,68.47294630410804,212.2273677555153
23657084,52,51.812821142668774,202.47575549985686
23662080,52,36.813550896801786,192.51172034545996
23668252,52,26.464451999567743,184.107666272653
23673412,52,14.35528642317361,176.41690891665868
23679180,52,2.6481913107356596,134.97402373339006
23684936,52,-1.9123477891441303,71.974599171745
23689876,52,-9.375767599464227,128.65883172919314
23695320,52,-21.024809057783127,155.58585219769745
23700932,52,-27.46686208294753,150.51435641597894
23706096,52,-35.95742892105719,145.62645125590035
23711104,53,-38.94613045433241,131.34762625428036
23716252,53,-35.12116204383378,101.07177636061796
23721600,53,-33.9451077787316,81.18946765369444
23726832,53,-32.52195051537967,68.69004829431404
23732208,53,-32.34263473330321,58.67669024841235
23737628,53,-33.448960555003765,54.56342215981144
23742872,53,-33.872628373331466,48.30781559004899
23748568,53,-32.4172082980997,40.658635074945835
23788404,53,186.6395444115878,118.34982239883142
23793712,53,190.34274743671145,137.82103793777017
23798852,53,182.27339711445876,149.90800080167443
23804480,53,172.93218835042705,156.1520356330087
23809624,53,151.14066243018146,169.36794313023327
23818636,53,141.8993943112216,174.61260519821715
23823800,53,127.48384883930397,184.18433235516395
23829924,53,119.37569661443123,190.72085113542062
23834924,53,107.41324593397043,197.7053226342892
23840080,53,95.88870703505495,205.75314302130454
23845072,53,87.42854850939753,212.73516142269457
23850220,53,72.04358597152836,222.63360420287637
23856468,53,62.21624445103876,227.65135388661452
23861316,53,45.03323653720162,216.36313828141903
23866308,53,32.93806223690966,205.37547092113377
23871300,53,19.070274193530597,195.07005060281182
23876304,53,9.532133766545076,185.75558787249628
23881532,53,-1.7103523652016794,165.991188605862
23886672,53,-3.6695411325341847,64.89633632090982
23891768,53,-14.958625740535707,126.11597645006988
23898312,53,-28.40821334151096,156.44159745650515
23903468,53,-37.264555064660364,151.48383720989145
23909080,54,-44.129770270748224,146.49765655412713
23914072,54,-47.522474977240684,134.8725856949348
23919216,54,-41.70142728212077,98.5392863919462
23924524,54,-38.433021905748554,80.27392370622138
23930064,54,-38.43470019435011,69.02009722515916
23935516,54,-38.4220319691631,62.070503939960155
23940908,54,-36.72635999404487,53.62997745279985
23946304,54,-37.4980012621607,48.11340666948241
23993124,54,193.70485866662008,124.00978884323905
23999036,54,194.3047304525733,137.43970213789336
24004188,54,181.58252113672154,146.00269866557971
24009632,54,172.40007551168412,152.24392915175835
24014760,54,163.75157526103715,158.64873652043022
24019744,54,152.3307276685586,166.94714555202026
24024888,54,143.82206465132293,173.03240655851346
24030032,54,132.31108799302044,180.74782431360882
24036416,54,121.477914454712,189.38879665844456
24041656,54,110.56781145284047,198.2517567905241
24047744,54,99.02346416531527,206.4833008858114
24052900,54,84.30059853979215,217.2151216785627
24058972,54,75.45660405042246,224.66708905662566
24064136,54,54.045532040697,214.28971152726393
24070056,54,38.54352993234705,205.41518030650576
24075052,54,24.470756873730405,196.48201459173504
24080028,54,14.442389235023445,185.4384463728708
24085012,54,2.7131643991778294,167.97809005624225
24090168,54,-4.315381780844184,70.86873415043871
24095920,54,-19.28961553615325,156.8180816502593
24100904,54,-28.171157995197262,151.40140639112184
24105880,54,-36.46209871056631,145.50091187900136
24111020,55,-39.30011351588214,123.91731548754103
24116024,55,-37.48081778144189,97.01127923305799
24121324,55,-34.2029784709118,74.52621192384827
24127332,55,-34.473928567068,64.3470920023018
24132588,55,-37.31707918295665,60.40228142423881
24138464,55,-34.61680623920251,49.006904878777135
24143704,55,-33.81016444146665,42.105495846041094
24184716,55,195.4975017865424,124.91888085962364
24190028,55,189.0559858049577,137.89066042091335
24195792,55,183.26862434163598,147.09728526361152
24201136,55,173.28199258766915,152.75585437176207
24206604,55,165.32668550546444,159.89711398201422
24211588,55,155.71098337532015,165.17593546364665
24216736,55,147.91969284687787,172.1881658770001
24221732,55,136.4400403518391,180.16690980529282
24226716,55,127.97724345811602,186.27352242565797
24231708,55,119.76917747302143,192.83242498977162
24236844,55,108.15038687861855,200.71744771694645
24242764,55,96.85208447869053,209.7156973908548
24247900,55,84.48889234277942,217.14195142968165
24253904,55,72.48959637141537,226.69199019354275
24258892,55,59.084284026046554,219.17583667258913
24263888,55,42.479462960499816,207.70049404512145
24269036,55,28.08130276619125,199.02874273570012
24274188,55,14.99552654484404,190.4104361206152
24279944,55,3.1140503978976715,182.97350269948748
24285092,55,-5.392314474237946,89.83831557086833
24291256,55,-15.153201761471884,124.07812247280391
24296728,55,-29.132502680609797,157.32545022202945
24301728,55,-37.304894017871476,149.41333569101312
24307080,56,-41.412173755308615,124.28206574103976
24313928,56,-32.99159508321632,78.33616440613555
24319468,56,-29.760324630116777,57.78687634671098
24326572,56,-31.724777716654575,53.26855056061557
24331956,56,-36.069773922183685,52.86748915167579
24337352,56,-31.28102930386468,40.28023343639854
24378504,56,186.98423279587715,123.34057193696331
24384416,56,185.13325512629922,134.78381893365616
24389556,56,181.88317104908302,150.38122252837954
24395032,56,171.78515574720402,155.92902316409493
24400180,56,161.56922349190037,160.87071212692618
24405180,56,152.61981818043986,166.68290583790974
24410368,56,144.12171369223358,172.78290321213456
24415344,56,135.9916065738899,179.25200958832332
24420504,56,121.26458291329075,188.33720007174801
24427348,56,112.94275510323278,194.59941949988234
24432496,56,101.20182064357256,202.07471761312985
24438264,56,92.98335068144966,209.27278011258548
24443252,56,80.6275929176179,216.4721489252391
24448408,56,72.07530340153052,224.72461066731725
24453408,56,56.140203305025494,220.98026512082566
24458552,56,39.085578183840994,206.3306026212177
24464736,56,24.81122328821135,196.4393117452373
24469880,56,12.036074760375213,187.61431956106833
24475660,56,3.2369201608643565,180.97105389501436
24480816,56,-7.468700529752102,170.83681837471943
24485800,56,-8.405617455668994,79.55718443477592
24490736,56,-26.07245279437505,154.81998322337165
24495884,56,-35.32347391447802,151.948189165298
24501956,57,-43.462788238005636,145.65365096206233
24507096,57,-41.9766119546931,109.2106407306775
24513340,57,-39.060179090997885,85.50030648704818
24519088,57,-36.24523256925026,67.9358750293316
24524476,57,-37.21234604467172,60.466861187361175
24529720,57,-38.56053828900236,54.7912847710508
24534804,57,-36.23623793922409,45.28725052387191
24573700,57,193.77292373783536,127.57763920880119
24579916,57,190.35390455424834,142.86143993727663
24585060,57,180.47099604719315,148.9503930365207
24590048,57,168.77131682507328,157.72521236990215
24595044,57,159.21512567360426,163.20093062460887
24600200,57,150.8469209721673,169.6296154367412
24605648,57,139.50541958562144,177.80393107645202
24610812,57,131.1484404657089,184.05457495920174
24615972,57,122.51200268357111,189.91263569984136
24621428,57,111.57204483091192,198.83580867703128
24626772,57,102.72269350767056,204.66814172833344
24631760,57,94.79208718056252,212.84609512028317
24636912,57,85.95775561812735,219.78913587594425
24642360,57,72.57634181582718,225.61399470917627
24647352,57,57.892290445132566,213.2826357372217
24652208,57,45.37897241666541,204.01408986245906
24657204,57,34.0222408373523,195.0550874199522
24662364,57,21.067959826527844,188.828337568141
24667360,57,11.744343112688762,180.61857713106767
24672524,57,0.5674147764516295,168.99904745433173
24677620,57,-4.422031841110377,75.87124379101878
24682724,57,-18.164792501420244,150.91070311074807
24688648,57,-25.938214086549422,154.84252984887686
24693808,57,-34.51510675447618,149.05605457587797
24698960,58,-42.4813075544281,142.81575021147384
24704104,58,-37.94439401710851,98.97587060831756
24710336,58,-34.009094932219725,74.61488766922635
24715884,58,-32.42676194440066,60.90570670964396
24721144,58,-32.44949651246756,52.83020136330502
24726248,58,-32.042948568441446,47.140740841020055
24731372,58,-29.987209006726346,38.752642438766806
24768452,58,198.353805976169,126.01891784477557
24773608,58,185.36655736332827,134.46278076578636
24779368,58,175.96915223471936,144.97881728650626
24784616,58,168.3470381090697,152.27696726656805
24789604,58,157.95869645222984,161.63245408986498
24794628,58,149.66359011212504,168.00538620755538
24799784,58,139.0415606504308,176.8967054862599
24805700,58,127.89270946585599,185.11740832639742
24810700,58,119.74031200413393,191.67226633280222
24815856,58,111.2542865325705,197.86733870987575
24820860,58,99.3029995898238,205.23867635624495
24826004,58,90.90313856023798,212.36200083795165
24831768,58,78.671765440645,220.3786589542012
24837132,58,68.70656794860183,224.7318569333777
24842128,58,54.04399525886025,211.1948071720995
24846980,58,41.39596873321808,199.75578532958295
24852124,58,30.397680705783692,190.59113570076974
24857108,58,17.744111722346442,183.14242135339614
24862260,58,8.766668074942277,173.77901349375819
24867560,58,-1.139368304918067,101.99363627141523
24873340,58,-4.184365469270841,72.87997726138212
24878440,58,-18.50867853845026,154.89812400013213
24883888,58,-25.475243067480864,152.89215804171505
24888984,58,-33.71162960689902,146.16266975273558
24894124,59,-40.65180040123748,137.10007703913936
24899276,59,-34.61641734522847,94.88257822266934
24905644,59,-33.19130992674211,76.07454860429308
24911036,59,-31.432130843731805,61.424922878441805
24916276,59,-31.753530966018037,55.56719599898967
24921528,59,-34.56410532196035,52.671838996682396
24926480,59,-32.94741861986936,44.0393869880938
24967664,59,188.97664561092884,123.95090727236092
24972968,59,187.39781599196414,140.13585751492
24977968,59,180.728707308404,148.63759401521955
24982812,59,173.6743865836907,156.8222160434508
24987960,59,158.34778802761895,166.8112047398503
24994292,59,148.51560734460796,171.67444298748208
24999436,59,136.45720162235955,178.89782593814468
25005032,59,127.48384883930397,184.18433235516395
25010168,59,116.42571152623819,192.53585041651118
25016240,59,104.35736284762396,199.3352473083708
25021388,59,93.11872953275781,208.11752019040853
25028084,59,84.14325972408182,214.0558615011645
25033232,59,75.46191471252983,221.4983056998831
25038240,59,62.47987260549232,228.61597826749
25043400,59,49.452325723659555,220.52316767297054
25049056,59,36.96326701848524,209.7682456696441
25054192,59,22.40842510514135,197.73432297986932
25060424,59,12.590258300625331,188.58018293533266
25065588,59,0.9213747455245764,180.9976548703831
25071340,59,-6.7780263719687195,164.8607241234276
25076476,59,-7.0714824026478595,68.63668215050201
25081572,59,-19.27867442396741,128.5625634174065
25086880,59,-33.001642173207635,154.5150206739512
25092036,60,-40.11698558797655,149.71849407248953
25098580,60,-48.300601730721176,144.12165650050744
25103804,60,-40.93075460307362,101.02313263615898
25110012,60,-38.433021905748554,80.27392370622138
25115388,60,-36.89475278762607,68.72246515325217
25120620,60,-37.36937355904904,60.369942188180424
25126308,60,-36.392246320367626,51.42571737718093
25131704,60,-37.60739688269793,46.751296235583055
25167540,60,199.84268989707766,123.64424489114104
25172676,60,193.4883240221003,136.86222439781818
25177676,60,181.58252113672154,146.00269866557971
25183448,60,171.65050996598114,151.58199902501158
25188436,60,160.58261850100206,160.44383015673003
25193588,60,152.3307276685586,166.94714555202026
25198568,60,141.14146818979327,175.2258141862368
25203696,60,130.09145597459005,183.57890151760714
25209096,60,121.477914454712,189.38879665844456
25214088,60,113.60628127713768,196.52636681722856
25219068,60,102.19020973620944,204.9345286526151
25224228,60,90.94699555298871,214.51723473857444
25230904,60,78.90605212679114,223.47893622837057
25236056,60,59.79337145641851,209.63957815707118
25242280,60,47.29655872875807,200.4969713796623
25247420,60,32.6686452270815,190.21503520759626
25253188,60,22.864091018384467,183.58168030035847
25258188,60,13.588269441554317,174.471656533615
25263520,60,1.9702741470219953,121.98408920750926
